0 0 0 0 0 0 0 0 0 0 0 0 0 0 0 0 0 0 0 0 0 0 0 0 0 0 0 0 0 0 0 0 0 0 0 0 0 0 0 0 0 0 0 0 0 0 0 0 0 0 0 0 0 0 0 0 0 0 0 0 0 0 0 0 0 0 0 0 0 0 0 0 0 0 0 0 0 0 0 0 0 0 0 0 0 0 0 0 0 0 0 0 0 0 0 0 0 0 0 0 0 0 0 0 0 0 0 0 0 0 0 0 0 0 0 0 0 0 0 0 0 0 0 0 0 0 0 0 0 0 0 0 0 0 0 0 0 0 0 0 0 0 0 0 0 0 0 0 0 0 0 0 0 0 0 0 0
0 0 0 0 0 0 0 0 0 0 0 0 0 0 0 0 0 0 0 0 0 0 0 0 0 0 0 0 0 0 0 0 0 0 0 0 0 0 0 0 0 0 0 0 0 0 0 0 0 0 0 0 0 0 0 0 0 0 0 0 0 0 0 0 0 0 0 0 0 0 0 0 0 0 0 0 0 0 0 0 0 0 0 0 0 0 0 0 0 0 0 0 0 0 0 0 0 0 0 0 0 0 0 0 0 0 0 0 0 0 0 0 0 0 0 0 0 0 0 0 0 0 0 0 0 0 0 0 0 0 5 0 0 0 0 0 0 0 0 0 0 0 0 0 0 0 0 0 0 0 0 0 0 0 0 0 0
0 0 0 0 0 0 0 0 0 0 0 0 0 0 0 0 0 0 0 0 0 0 0 0 0 0 0 0 0 0 0 0 0 0 0 0 0 0 0 0 0 0 0 0 0 0 0 0 0 0 0 0 0 0 0 0 0 0 0 0 0 0 0 0 0 0 0 0 0 0 0 0 0 0 0 0 0 0 0 0 0 0 0 0 0 0 0 0 0 0 0 0 0 0 0 0 0 0 0 0 0 0 0 0 0 0 0 0 0 0 0 0 0 0 0 0 0 0 0 0 0 0 0 0 0 0 0 0 0 4 1 0 0 0 0 0 0 0 0 0 0 0 0 0 0 0 0 0 0 0 0 0 0 0 0 0 0
0 0 0 0 0 0 0 0 0 0 0 0 0 0 0 0 0 0 0 0 0 0 0 0 0 0 0 0 0 0 0 0 0 0 0 0 0 0 0 0 0 0 0 0 0 0 0 0 0 0 0 0 0 0 0 0 0 0 0 0 0 0 0 0 0 0 0 0 0 0 0 0 0 0 0 0 0 0 0 0 0 0 0 0 0 0 0 0 0 0 0 0 0 0 0 0 0 0 0 0 0 0 0 0 0 0 0 0 0 0 0 0 0 0 0 0 0 0 0 0 0 0 0 0 0 0 0 0 0 5 0 0 0 0 0 0 0 0 0 0 0 0 0 0 0 0 0 0 0 0 0 0 0 0 0 0 0
0 0 0 0 0 0 0 0 0 0 0 0 0 0 0 0 0 0 0 0 0 0 0 0 0 0 0 0 0 0 0 0 0 0 0 0 0 0 0 0 0 0 0 0 0 0 0 0 0 0 0 0 0 0 0 0 0 0 0 0 0 0 0 0 0 0 0 0 0 0 0 0 0 0 0 0 0 0 0 0 0 0 0 0 0 0 0 0 0 0 0 0 0 0 0 0 0 0 0 0 0 0 0 0 0 0 0 0 0 0 0 0 0 0 0 0 0 0 0 0 0 0 0 0 0 0 0 0 5 0 0 0 0 0 0 0 0 0 0 0 0 0 0 0 0 0 0 0 0 0 0 0 0 0 0 0 0
0 0 0 0 0 0 0 0 0 0 0 0 0 0 0 0 0 0 0 0 0 0 0 0 0 0 0 0 0 0 0 0 0 0 0 0 0 0 0 0 0 0 0 0 0 0 0 0 0 0 0 0 0 0 0 0 0 0 0 0 0 0 0 0 0 0 0 0 0 0 0 0 0 0 0 0 0 0 0 0 0 0 0 0 0 0 0 0 0 0 0 0 0 0 0 0 0 0 0 0 0 0 0 0 0 0 0 0 0 0 0 0 13 0 0 0 0 0 0 0 0 0 0 0 0 0 0 5 0 0 0 0 0 0 0 0 0 0 0 0 0 0 0 0 0 0 0 0 0 0 0 0 0 0 0 0 0
0 0 0 0 0 0 0 0 0 0 0 0 0 0 0 0 0 0 0 0 0 0 0 0 0 0 0 0 0 0 0 0 0 0 0 0 0 0 0 0 0 0 0 0 0 0 0 0 0 0 0 0 0 0 0 0 0 0 0 0 0 0 0 0 0 0 0 0 0 0 0 0 0 0 0 0 0 0 0 0 0 0 0 0 0 0 0 0 0 0 0 0 0 0 0 0 0 0 0 0 0 0 0 0 0 0 0 0 0 0 0 0 13 0 0 0 0 0 0 0 0 0 0 0 0 0 4 1 0 0 0 0 0 0 0 0 0 0 0 0 0 0 0 0 0 0 0 0 0 0 0 0 0 0 0 0 0
0 0 0 0 0 0 0 0 0 0 0 0 0 0 0 0 0 0 0 0 0 0 0 0 0 0 0 0 0 0 0 0 0 0 0 0 0 0 0 0 0 0 0 0 0 0 0 0 0 0 0 0 0 0 0 0 0 0 0 0 0 0 0 0 0 0 0 0 0 0 0 0 0 0 0 0 0 0 0 0 0 0 0 0 0 0 0 0 0 0 0 0 0 0 0 0 0 0 0 0 0 0 0 0 0 0 0 0 0 0 0 11 2 0 0 0 0 0 0 0 0 0 0 0 0 0 5 0 0 0 0 0 0 0 0 0 0 0 0 0 0 0 0 0 0 0 0 0 0 0 0 0 0 0 0 0 0
0 0 0 0 0 0 0 0 0 0 0 0 0 0 0 0 0 0 0 0 0 0 0 0 0 0 0 0 0 0 0 0 0 0 0 0 0 0 0 0 0 0 0 0 0 0 0 0 0 0 0 0 0 0 0 0 0 0 0 0 0 0 0 0 0 0 0 0 0 0 0 0 0 0 0 0 0 0 0 0 0 0 0 0 0 0 0 0 0 0 0 0 0 0 0 0 0 0 0 0 0 0 0 0 0 0 0 0 0 0 0 13 0 0 0 0 0 0 0 0 0 0 15 0 0 5 0 0 0 0 0 0 0 0 0 0 0 0 0 0 0 0 0 0 0 0 0 0 0 0 0 0 0 0 0 0 0
0 0 0 0 0 0 0 0 0 0 0 0 0 0 0 0 0 0 0 0 0 0 0 0 0 0 0 0 0 0 0 0 0 0 0 0 0 0 0 0 0 0 0 0 0 0 0 0 0 0 0 0 0 0 0 0 0 0 0 0 0 0 0 0 0 0 0 0 0 0 0 0 0 0 0 0 0 0 0 0 0 0 0 0 0 0 0 0 0 0 0 0 0 0 0 0 0 0 0 0 0 0 0 0 0 0 0 0 0 0 0 13 0 0 0 0 0 8 0 0 0 8 15 0 4 1 0 0 0 0 0 0 0 0 0 0 0 0 0 0 0 0 0 0 0 0 0 0 0 0 0 0 0 0 0 0 0
0 0 0 0 0 0 0 0 0 0 0 0 0 0 0 0 0 0 0 0 0 0 0 0 0 0 0 0 0 0 0 0 0 0 0 0 0 0 0 0 0 0 0 0 0 0 0 0 0 0 0 0 0 0 0 0 0 0 0 0 0 0 0 0 0 0 0 0 0 0 0 0 0 0 0 0 0 0 0 0 0 0 0 0 0 0 0 0 0 0 0 0 0 0 0 0 0 0 0 0 0 0 0 0 0 0 0 0 0 0 0 13 0 0 0 0 8 0 0 0 0 23 0 4 1 0 0 0 0 0 0 0 0 0 0 0 0 0 0 0 0 0 0 0 0 0 0 0 0 0 0 0 0 0 0 0 0
0 0 0 0 0 0 0 0 0 0 0 0 0 0 0 0 0 0 0 0 0 0 0 0 0 0 0 0 0 0 0 0 0 0 0 0 0 0 0 0 0 0 0 0 0 0 0 0 0 0 0 0 0 0 0 0 0 0 0 0 0 0 0 0 0 0 0 0 0 0 0 0 0 0 0 0 0 0 0 0 0 0 0 0 0 0 0 0 0 0 0 0 0 0 0 0 0 0 0 0 0 0 0 0 0 0 0 0 4 0 1 12 0 0 0 0 8 0 0 0 19 4 0 5 0 0 0 0 0 0 0 0 0 0 0 0 0 0 0 0 0 0 0 0 0 0 0 0 0 0 0 0 0 0 0 0 0
0 0 0 0 0 0 0 0 0 0 0 0 0 0 0 0 0 0 0 0 0 0 0 0 0 0 0 0 0 0 0 0 0 0 0 0 0 0 0 0 0 0 0 0 0 0 0 0 0 0 0 0 0 0 0 0 0 0 0 0 0 0 0 0 0 0 0 0 0 0 0 0 0 0 0 0 0 0 0 0 0 0 0 0 0 0 0 0 0 0 0 0 0 0 0 0 0 0 0 0 0 0 0 0 0 0 0 0 4 0 11 2 0 0 0 7 1 0 0 10 13 0 4 1 0 0 0 0 0 0 0 0 0 0 0 0 0 0 0 0 0 0 0 0 0 0 0 0 0 0 0 0 0 0 0 0 0
0 0 0 0 0 0 0 0 0 0 0 0 0 0 0 0 0 0 0 0 0 0 0 0 0 0 0 0 0 0 0 0 0 0 0 0 0 0 0 0 0 0 0 0 0 0 0 0 0 0 0 0 0 0 0 0 0 0 0 0 0 0 0 0 0 0 0 0 0 0 0 0 0 0 0 0 0 0 0 0 0 0 0 0 0 0 0 0 0 0 0 0 0 0 0 0 0 0 0 0 0 0 0 0 0 0 0 0 4 0 11 2 0 0 0 8 0 0 0 23 0 4 1 0 0 0 0 0 0 0 0 0 0 0 0 0 0 0 0 0 0 0 0 0 0 0 0 0 0 0 0 0 0 0 0 0 0
0 0 0 0 0 0 0 0 0 0 0 0 0 0 0 0 0 0 0 0 0 0 0 0 0 0 0 0 0 0 0 0 0 0 0 0 0 0 0 0 0 0 0 0 0 0 0 0 0 0 0 0 0 0 0 0 0 0 0 0 0 0 0 0 0 0 0 0 0 0 0 0 0 0 0 0 0 0 0 0 0 0 0 0 0 0 0 0 0 0 0 0 0 0 0 0 0 0 0 0 0 0 0 0 0 0 0 0 28 0 13 0 0 0 5 3 0 0 17 6 4 1 0 0 0 0 0 0 0 0 0 0 0 0 0 0 0 0 0 0 0 0 0 0 0 0 0 0 0 0 0 0 0 0 0 0 0
0 0 0 0 0 0 0 0 0 0 0 0 0 0 0 0 0 0 0 0 0 0 0 0 0 0 0 0 0 0 0 0 0 0 0 0 0 0 0 0 0 0 0 0 0 0 0 0 0 0 0 0 0 0 0 0 0 0 0 0 0 0 0 0 0 0 0 0 0 0 0 0 0 0 0 0 0 0 0 0 0 0 0 0 0 0 0 0 0 0 0 0 0 0 0 0 0 0 0 0 0 0 0 0 0 0 0 1 47 0 13 0 0 0 7 1 0 10 13 0 9 0 0 0 0 0 0 0 0 0 0 0 0 0 0 0 0 0 0 0 0 0 0 0 0 0 0 0 0 0 0 0 0 0 0 0 0
0 0 0 0 0 0 0 0 0 0 0 0 0 0 0 0 0 0 0 0 0 0 0 0 0 0 0 0 0 0 0 0 0 0 0 0 0 0 0 0 0 0 0 0 0 0 0 0 0 0 0 0 0 0 0 0 0 0 0 0 0 0 0 0 0 0 0 0 0 0 0 0 0 0 0 0 0 0 0 0 0 0 0 0 0 0 0 0 0 0 0 0 0 0 0 0 0 0 0 0 0 0 0 0 0 0 0 73 107 2 11 0 0 2 6 0 2 17 12 7 2 0 0 0 0 0 0 0 0 0 0 0 0 0 0 0 0 0 0 0 0 0 0 0 0 0 0 0 0 0 0 0 0 0 0 0 0
0 0 0 0 0 0 0 0 0 0 0 0 0 0 0 0 0 0 0 0 0 0 0 0 0 0 0 0 0 0 0 0 0 0 0 0 0 0 0 0 0 0 0 0 0 0 0 0 0 0 0 0 0 0 0 0 0 0 0 0 0 0 0 0 0 0 0 0 0 0 0 0 0 0 0 0 0 0 0 0 0 0 0 0 0 0 0 0 0 0 0 0 0 0 0 0 0 0 0 0 0 19 0 0 0 0 0 75 149 11 2 9 0 7 1 0 14 12 20 13 0 0 0 0 0 0 0 0 0 0 0 0 0 0 0 0 0 0 0 0 0 0 0 0 0 0 0 0 0 0 0 0 0 0 0 0 0
0 0 0 0 0 0 0 0 0 0 0 0 0 0 0 0 0 0 0 0 0 0 0 0 0 0 0 0 0 0 0 0 0 0 0 0 0 0 0 0 0 0 0 0 0 0 0 0 0 0 0 0 0 0 0 0 0 0 0 0 0 0 0 0 0 0 0 0 0 0 0 0 0 0 0 0 0 0 0 0 0 0 0 0 0 0 0 0 0 0 0 0 0 0 0 0 0 0 0 0 0 9 91 0 0 0 0 88 180 11 10 1 79 6 1 10 13 21 15 0 0 0 0 0 0 0 0 0 0 0 0 0 0 0 0 0 0 0 0 0 0 0 0 0 0 0 0 0 0 0 0 0 0 0 0 0 0
0 0 0 0 0 0 0 0 0 0 0 0 0 0 0 0 0 0 0 0 0 0 0 0 0 0 0 0 0 0 0 0 0 0 0 0 0 0 0 0 0 0 0 0 0 0 0 0 0 0 0 0 0 0 0 0 0 0 0 0 0 0 0 0 0 0 0 0 0 0 0 0 0 0 0 0 0 0 0 0 0 0 0 0 0 0 0 0 0 0 0 0 0 0 0 0 0 0 0 0 0 10 109 39 0 0 0 136 154 11 11 92 14 36 17 17 13 23 4 0 0 0 0 0 0 0 0 0 0 0 0 0 0 0 0 0 0 0 0 0 0 0 0 0 0 0 0 0 0 0 0 0 0 0 0 0 0
0 0 0 0 0 0 0 0 0 0 0 0 0 0 0 0 0 0 0 0 0 0 0 0 0 0 0 0 0 0 0 0 0 0 0 0 0 0 0 0 0 0 0 0 0 0 0 0 0 0 0 0 0 0 0 0 0 0 0 0 0 0 0 0 0 0 0 0 0 0 0 0 0 0 0 0 0 0 0 0 0 0 0 0 0 0 0 0 0 0 0 0 0 0 0 0 0 0 0 0 0 0 96 131 0 0 0 170 120 13 23 87 23 40 15 17 20 8 0 0 0 0 0 0 0 0 3 0 0 0 0 0 0 0 0 0 0 0 0 0 0 0 0 0 0 0 0 0 0 0 0 0 0 0 0 0 0
0 0 0 0 0 0 0 0 0 0 0 0 0 0 0 0 0 0 0 0 0 0 0 0 0 0 0 0 0 0 0 0 0 0 0 0 0 0 0 0 0 0 0 0 0 0 0 0 0 0 0 0 0 0 0 0 0 0 0 0 0 0 0 0 0 0 0 0 0 0 0 0 0 0 0 0 0 0 0 0 0 0 0 0 0 0 0 0 0 0 0 0 0 0 0 0 0 0 0 0 0 0 51 147 33 0 10 215 95 10 26 89 35 38 9 28 8 0 0 0 0 0 0 0 0 0 3 0 0 0 0 0 0 0 0 0 0 0 0 0 0 0 0 0 0 0 0 0 0 0 0 0 0 0 0 0 0
0 0 0 0 0 0 0 0 0 0 0 0 0 0 0 0 0 0 0 0 0 0 0 0 0 0 0 0 0 0 0 0 0 0 0 0 0 0 0 0 0 0 0 0 0 0 0 0 0 0 0 0 0 0 0 0 0 0 0 0 0 0 0 0 0 0 0 0 0 0 0 0 0 0 0 0 0 0 0 0 0 0 0 0 0 0 0 0 0 0 0 0 0 0 0 0 0 0 0 0 0 0 16 124 102 0 18 235 72 15 96 27 47 11 32 9 1 0 0 0 0 0 0 0 0 3 0 0 0 0 0 0 0 0 0 0 0 0 0 0 0 0 0 0 0 0 0 0 0 0 0 0 0 0 0 0 0
0 0 0 0 0 0 0 0 0 0 0 0 0 0 0 0 0 0 0 0 0 0 0 0 0 0 0 0 0 0 0 0 0 0 0 0 0 0 0 0 0 0 0 0 0 0 0 0 0 0 0 0 0 0 0 0 0 0 0 0 0 0 0 0 0 0 0 0 0 0 0 0 0 0 0 0 0 0 0 0 0 0 0 0 0 0 0 0 0 0 0 0 0 0 0 0 0 0 0 0 0 0 9 116 117 17 32 265 63 21 93 39 37 21 20 4 0 0 0 0 0 0 0 0 2 1 0 0 0 0 0 0 0 0 0 0 0 0 0 0 0 0 0 0 0 0 0 0 0 0 0 0 0 0 0 0 0
0 0 0 0 0 0 0 0 0 0 0 0 0 0 0 0 0 0 0 0 0 0 0 0 0 0 0 0 0 0 0 0 0 0 0 0 0 0 0 0 0 0 0 0 0 0 0 0 0 0 0 0 0 0 0 0 0 0 0 0 0 0 0 0 0 0 0 0 0 0 0 0 0 0 0 0 0 0 0 0 0 0 0 0 0 0 0 0 0 0 0 4 0 0 0 0 0 0 0 0 0 0 7 118 146 17 54 291 34 59 72 57 10 33 4 0 0 0 0 0 0 0 0 0 3 0 0 0 0 0 0 0 0 0 0 0 0 0 0 0 0 0 0 0 0 0 0 0 0 0 0 0 0 0 0 0 0
0 0 0 0 0 0 0 0 0 0 0 0 0 0 0 0 0 0 0 0 0 0 0 0 0 0 0 0 0 0 0 0 0 0 0 0 0 0 0 0 0 0 0 0 0 0 0 0 0 0 0 0 0 0 0 0 0 0 0 0 0 0 0 0 0 0 0 0 0 0 0 0 0 0 0 0 0 0 0 0 0 0 0 0 0 0 0 0 0 8 7 0 18 10 5 0 0 0 0 3 0 0 14 105 372 155 339 327 33 102 57 34 35 13 0 0 0 0 0 0 0 0 0 2 1 0 0 0 0 0 0 0 0 0 0 0 0 0 0 0 0 0 0 0 0 0 0 0 0 0 0 0 0 0 0 0 0
0 0 0 0 0 0 0 0 0 0 0 0 0 0 0 0 0 0 0 0 0 0 0 0 0 0 0 0 0 0 0 0 0 0 0 0 0 0 0 0 0 0 0 0 0 0 0 0 0 0 0 0 0 0 0 0 0 0 0 0 0 0 0 0 0 0 0 0 0 0 0 0 0 0 0 0 0 0 0 0 0 0 0 0 0 0 0 0 0 17 98 138 147 97 47 36 28 6 7 0 0 0 10 186 437 438 516 292 40 137 62 37 13 1 0 0 0 0 0 0 0 0 0 3 0 0 0 0 0 0 0 0 0 0 0 0 0 0 0 0 0 0 0 0 0 0 0 0 0 0 0 0 0 0 0 0 0
0 0 0 0 0 0 0 0 0 0 0 0 0 0 0 0 0 0 0 0 0 0 0 0 0 0 0 0 0 0 0 0 0 0 0 0 0 0 0 0 0 0 0 0 0 0 0 0 0 0 0 0 0 0 0 0 0 0 0 0 0 0 0 0 0 0 0 0 0 0 0 0 0 0 0 0 0 3 3 3 1 0 0 0 0 0 15 8 3 3 0 15 135 206 261 274 245 225 194 124 170 165 265 219 367 696 661 284 84 136 40 32 3 0 0 0 0 0 0 0 0 0 2 1 0 0 0 0 0 0 0 0 0 0 0 0 0 0 0 0 0 0 0 0 0 0 0 0 0 0 0 0 0 0 0 0 0
0 0 0 0 0 0 0 0 0 0 0 0 0 0 0 0 0 0 0 0 0 0 0 0 0 0 0 0 0 0 0 0 0 0 0 0 0 0 0 0 0 0 0 0 0 0 0 0 0 0 0 0 0 0 0 0 0 0 0 0 0 0 0 0 0 0 0 0 0 0 0 0 0 0 0 0 0 0 17 34 36 37 37 36 36 24 15 22 56 52 103 446 688 1052 1744 1703 1722 1645 1728 1677 1606 1578 1558 1534 1499 1578 902 309 176 157 72 10 0 4 0 0 0 0 0 0 0 2 1 0 0 0 0 0 0 0 0 0 0 0 0 0 0 0 0 0 0 0 0 0 0 0 0 0 0 0 0 0 0 0 0 0 0
0 0 0 0 0 0 0 0 0 0 0 0 0 0 0 0 0 0 0 0 0 0 0 0 0 0 0 0 0 0 0 0 0 0 0 0 0 0 0 0 0 0 0 0 0 0 0 0 0 0 0 0 0 0 0 0 0 0 0 0 0 0 0 0 0 0 0 0 0 0 0 0 0 0 0 0 0 0 0 0 0 0 0 1 1 13 43 410 1174 2357 2492 1976 1731 1471 783 682 740 755 664 641 398 493 486 206 500 3694 4344 2971 439 155 27 1 4 0 0 0 0 0 0 0 0 3 0 0 0 0 0 0 0 0 0 0 0 0 0 0 0 0 0 0 0 0 0 0 0 0 0 0 0 0 0 0 0 0 0 0 0
0 0 0 0 0 0 0 0 0 0 0 0 0 0 0 0 0 0 0 0 0 0 0 0 0 0 0 0 0 0 0 0 0 0 0 0 0 0 0 0 0 0 0 0 0 0 0 0 0 0 0 0 0 0 0 0 0 0 0 0 0 0 0 0 0 0 0 0 0 0 0 0 0 0 0 0 0 0 0 0 0 0 0 32 350 1212 1472 1481 1021 1116 935 1115 892 680 525 484 369 166 101 54 30 41 0 15 138 1267 6667 1720 272 61 3 0 4 0 0 0 0 0 0 0 2 1 0 0 0 0 0 0 0 0 0 0 0 0 0 0 0 0 0 0 0 0 0 0 0 0 4 0 0 0 0 0 0 0 0 0 0
0 0 0 0 0 0 0 0 0 0 0 0 0 0 0 0 0 0 0 0 0 0 0 0 0 0 0 0 0 0 0 0 0 0 0 0 0 0 0 0 0 0 0 0 0 0 0 0 0 0 0 0 0 0 0 0 0 0 0 0 0 0 0 0 0 0 0 0 0 0 0 3 3 0 0 0 0 0 0 0 16 233 1056 1209 1101 581 557 176 126 416 426 166 218 98 22 13 0 3 0 0 0 0 0 2 118 876 5157 1054 191 4 0 3 1 0 0 0 0 0 0 2 1 0 0 0 0 0 0 0 0 0 0 0 0 0 0 0 0 0 0 0 0 0 0 0 3 4 0 0 0 0 0 0 0 0 0 0 0
0 0 0 0 0 0 0 0 0 0 0 0 0 0 0 0 0 0 0 0 0 0 0 0 0 0 0 0 0 0 0 0 0 0 0 0 0 0 0 0 0 0 0 0 0 0 0 0 0 0 0 0 0 0 0 0 0 0 0 0 0 0 0 0 0 0 0 0 0 0 0 0 0 3 1 0 0 0 14 250 1458 1790 858 626 264 194 39 9 78 5 1 0 0 0 0 0 0 3 0 0 0 0 0 0 440 941 4926 883 195 2 0 4 0 0 0 0 0 0 0 2 1 0 0 0 0 0 0 0 0 0 0 0 0 0 0 0 0 0 0 0 0 0 0 4 1 0 0 0 0 0 0 0 0 0 0 0 0
0 0 0 0 0 0 0 0 0 0 0 0 0 0 0 0 0 0 0 0 0 0 0 0 0 0 0 0 0 0 0 0 0 0 0 0 0 0 0 0 0 0 0 0 0 0 0 0 0 0 0 0 0 0 0 0 0 0 0 0 0 0 0 0 0 0 0 0 0 0 0 0 0 0 2 10 15 338 1536 1993 1175 730 410 122 6 0 0 0 0 0 0 0 0 0 0 0 2 1 0 0 0 0 0 38 868 958 4148 887 31 1 1 3 0 0 0 0 0 0 2 1 0 0 0 0 0 0 0 0 0 0 0 0 0 0 0 0 0 0 0 0 0 0 4 0 0 0 0 0 0 0 0 0 0 0 0 0 0
0 0 0 0 0 0 0 0 0 0 0 0 0 0 0 0 0 0 0 0 0 0 0 0 0 0 0 0 0 0 0 0 0 0 0 0 0 0 0 0 0 0 0 0 0 0 0 0 0 0 0 0 0 0 0 0 0 0 0 0 0 0 0 0 0 0 0 0 0 0 0 0 0 2 44 516 2184 1866 1240 997 523 150 2 0 0 0 0 0 0 0 0 0 0 0 0 0 3 0 0 0 0 0 0 0 840 1331 2476 369 1 0 3 1 0 0 0 0 0 2 0 1 0 0 0 0 0 0 0 0 0 0 0 0 0 0 0 0 0 0 0 0 0 4 0 0 0 0 0 0 0 0 0 0 0 0 0 0 0
0 0 0 0 0 0 0 0 0 0 0 0 0 0 0 0 0 0 0 0 0 0 0 0 0 0 0 0 0 0 0 0 0 0 0 0 0 0 0 0 0 0 0 0 0 0 0 0 0 0 0 0 0 0 0 0 0 0 0 0 0 0 0 0 0 0 0 0 0 0 0 11 37 136 1741 1856 800 796 498 50 5 0 0 0 0 0 0 0 0 0 0 0 0 0 0 0 3 0 0 0 0 0 0 0 503 1550 1812 279 1 0 4 0 0 0 0 0 0 2 1 0 0 0 0 0 0 0 0 0 0 0 0 0 0 0 0 0 0 0 0 1 4 0 0 0 0 0 0 0 0 0 0 0 0 0 0 0 0
0 0 0 0 0 0 0 0 0 0 0 0 0 0 0 0 0 0 0 0 0 0 0 0 0 0 0 0 0 0 0 0 0 0 0 0 0 0 0 0 0 0 0 0 0 0 0 0 0 0 0 0 0 0 0 0 0 0 0 0 0 0 0 0 0 0 0 0 11 23 23 28 941 2478 1023 477 334 131 6 3 6 0 0 0 0 0 0 0 0 0 0 0 0 0 0 2 1 0 0 0 0 0 0 0 227 2287 562 446 1 2 2 0 0 0 0 0 2 0 1 0 0 0 0 0 0 0 0 0 0 0 0 0 0 0 0 0 0 0 3 3 0 0 0 0 0 0 0 0 0 0 0 0 0 0 0 0 0
0 0 0 0 0 0 0 0 0 0 0 0 0 0 0 0 0 0 0 0 0 0 0 0 0 0 0 0 0 0 0 0 0 0 0 0 0 0 0 0 0 0 0 0 0 0 0 0 0 0 0 0 0 0 0 0 0 0 0 0 0 0 0 0 0 4 23 23 12 0 143 1800 1778 769 426 70 2 0 0 0 0 3 1 0 0 0 0 0 0 0 0 0 0 0 0 2 1 0 0 0 0 0 0 0 268 1791 620 553 0 3 1 0 0 0 0 0 2 1 0 0 0 0 0 0 0 0 0 0 0 0 0 0 0 0 0 0 0 3 1 0 0 0 0 0 0 0 0 0 0 0 0 0 0 0 0 0 0
0 0 0 0 0 0 0 0 0 0 0 0 0 0 0 0 0 0 0 0 0 0 0 0 0 0 0 0 0 0 0 0 0 0 0 0 0 0 0 0 0 0 0 0 0 0 0 0 0 0 0 0 0 0 0 0 0 0 0 0 0 0 0 23 23 19 0 0 10 624 1638 884 263 311 67 4 0 0 0 0 0 4 6 3 0 0 0 0 0 0 0 0 0 0 0 3 0 0 0 0 0 0 0 3 370 1573 760 626 2 2 0 0 0 0 0 2 1 0 0 0 0 0 0 0 0 0 0 0 0 0 0 0 0 0 0 1 4 1 0 0 0 0 0 0 0 0 0 0 0 0 0 0 0 0 0 0 0
0 0 0 0 0 0 0 0 0 0 0 0 0 0 0 0 0 0 0 0 0 0 0 0 0 0 0 0 0 0 0 0 0 0 0 0 0 0 0 0 0 0 0 0 0 0 0 0 0 0 0 0 0 0 0 0 0 0 0 0 23 23 23 0 0 0 4 117 895 1301 638 55 25 5 5 8 0 0 0 0 0 0 0 4 6 1 0 0 0 0 0 0 0 0 0 3 0 0 0 0 0 0 16 0 503 1540 993 622 3 1 0 0 0 0 2 0 1 0 0 0 0 0 0 0 0 0 0 0 0 0 0 0 0 0 1 3 0 0 0 0 0 0 0 0 0 0 0 0 0 0 0 0 0 0 0 0 0
0 0 0 0 0 0 0 0 0 0 0 0 0 0 0 0 0 0 0 0 0 0 0 0 0 0 0 0 0 0 0 0 0 0 0 0 0 0 0 0 0 0 0 0 0 0 0 0 0 0 0 0 0 0 0 0 0 0 0 23 0 0 0 0 1 46 287 1663 977 663 64 9 6 0 0 3 9 2 0 0 0 0 0 0 1 6 4 0 0 0 0 4 3 0 2 1 0 5 10 40 52 70 6 29 209 1630 1305 711 6 0 0 0 0 3 2 1 0 0 0 0 0 0 0 0 0 0 0 0 0 0 0 0 0 2 3 0 0 0 0 0 0 0 0 0 0 0 0 0 0 0 0 0 0 0 0 0 0
0 0 0 0 0 0 0 0 0 0 0 0 0 0 0 0 0 0 0 0 0 0 0 0 0 0 0 0 0 0 0 0 0 0 0 0 0 0 0 0 0 0 0 0 0 0 0 0 0 0 0 0 0 0 0 0 0 0 0 0 0 0 0 21 165 494 2476 1149 550 175 3 4 0 0 0 3 10 37 13 0 0 4 5 0 4 7 56 48 176 49 98 43 84 84 124 87 11 15 67 182 324 370 369 617 1205 1612 1813 980 3 0 0 0 0 5 0 1 0 0 0 0 0 0 0 0 0 0 0 0 0 0 0 0 3 2 0 0 0 0 0 0 0 0 0 0 0 0 0 0 0 0 0 0 0 0 0 0 0
0 0 0 0 0 0 0 0 0 0 0 0 0 0 0 0 0 0 0 0 0 0 0 0 0 0 0 0 0 0 0 0 0 0 0 0 0 0 0 0 0 0 0 0 0 0 0 0 0 0 0 0 0 0 0 0 0 0 0 0 0 16 86 238 323 1983 872 501 146 9 4 0 0 0 0 3 19 27 41 104 17 39 36 20 285 778 678 519 539 674 411 395 358 239 447 647 430 303 507 672 1410 2061 2485 2242 3263 4906 2282 1163 12 0 0 0 5 0 1 0 0 0 0 0 0 0 0 0 0 0 0 0 0 0 1 3 1 0 0 0 0 0 0 0 0 0 0 0 0 0 0 0 0 0 0 0 0 0 0 0 0
0 0 0 0 0 0 0 0 0 0 0 0 0 0 0 0 0 0 0 0 0 0 0 0 0 0 0 0 0 0 0 0 0 0 0 0 0 0 0 0 0 0 0 0 0 0 0 0 0 0 0 0 0 0 0 0 0 0 0 16 78 215 194 551 1767 524 203 127 4 0 0 0 0 0 0 12 9 25 381 331 326 243 299 404 504 953 1741 2342 2773 3521 2980 3291 2807 2181 2264 2526 2509 2429 2413 1743 787 958 449 186 110 2973 4814 1012 129 0 0 0 5 0 1 0 0 0 0 0 0 0 0 0 0 0 0 0 0 1 2 1 0 0 0 0 0 0 0 0 0 0 0 0 0 0 0 0 0 0 0 0 0 0 0 0 0
0 0 0 0 0 0 0 0 0 0 0 0 0 0 0 0 0 0 0 0 0 0 0 0 0 0 0 0 0 0 0 0 0 0 0 0 0 0 0 0 0 0 0 0 0 0 0 0 0 0 0 0 0 0 0 0 0 0 31 162 151 64 294 1728 961 102 33 0 0 0 0 0 0 0 9 36 42 251 1040 2698 2163 2158 2146 1492 1476 1869 1893 1739 1279 1454 1473 1322 1210 1043 1027 787 656 495 220 70 7 6 0 0 79 1069 4610 1120 145 0 0 5 0 1 0 0 0 0 0 0 0 0 0 0 0 0 0 0 2 2 1 0 0 0 0 0 0 0 0 0 0 0 0 0 0 0 0 0 0 0 0 0 0 0 0 0 0
0 0 0 0 0 0 0 0 0 0 0 0 0 0 0 0 0 0 0 0 0 0 0 0 0 0 0 0 0 0 0 0 0 0 0 0 0 0 0 0 0 0 0 0 0 0 0 0 0 0 0 0 0 0 0 0 0 0 23 51 47 164 1997 1024 349 8 0 0 0 0 0 0 6 138 263 348 422 916 3101 3356 526 298 164 168 187 272 347 274 169 347 181 158 268 90 33 78 8 0 0 0 0 0 0 0 49 1369 3900 1212 35 0 10 1 0 1 0 0 0 0 0 0 0 0 0 0 0 0 0 2 2 1 0 0 0 0 0 0 0 0 0 0 0 0 0 0 0 0 0 0 0 0 0 0 0 0 0 0 0
0 0 0 0 0 0 0 0 0 0 0 0 0 0 0 0 0 0 0 0 0 0 0 0 0 0 0 0 0 0 0 0 0 0 0 0 0 0 0 0 0 0 0 0 0 0 0 0 0 0 0 0 0 0 0 0 0 1 25 22 139 1607 1262 632 21 0 0 0 0 0 39 236 319 223 103 63 150 554 3436 842 10 44 18 48 57 21 1 0 0 0 0 0 1 2 0 0 0 0 0 0 0 0 0 0 118 910 3592 515 7 6 5 0 1 0 0 0 0 0 0 0 0 0 0 0 0 1 3 2 0 0 0 0 0 0 0 0 0 0 0 0 0 0 0 0 0 0 0 0 0 0 0 0 0 0 0 0 0
0 0 0 0 0 0 0 0 0 0 0 0 0 0 0 0 0 0 0 0 0 0 0 0 0 0 0 0 0 0 0 0 0 0 0 0 0 0 0 0 0 0 0 0 0 0 0 0 0 0 0 0 0 0 0 1 5 5 19 175 1473 1712 782 100 0 0 0 0 0 0 0 64 38 5 4 3 0 184 3302 574 0 4 15 8 14 0 0 0 0 0 0 0 2 1 0 0 0 0 0 0 0 0 0 0 120 774 3890 503 50 11 0 1 0 0 2 1 0 0 0 0 0 0 0 0 1 2 1 0 0 0 0 0 0 0 0 0 0 0 3 4 0 0 0 0 0 0 0 0 0 0 0 0 0 0 0 0 0
0 0 0 0 0 0 0 0 0 0 0 0 0 0 0 0 0 0 0 0 0 0 0 0 0 0 0 0 0 0 0 0 0 0 0 0 0 0 0 0 0 0 0 0 0 0 0 0 0 0 0 0 0 1 1 1 1 40 203 1283 1674 1162 291 1 0 0 0 0 0 0 5 0 3 0 0 3 0 409 3754 811 7 9 8 0 0 0 0 0 0 0 0 0 2 1 0 0 0 0 0 0 0 0 0 0 12 572 2659 1109 273 7 0 1 0 0 3 0 0 0 0 0 0 0 0 1 2 1 0 0 0 0 0 0 0 0 0 0 0 4 1 0 0 0 0 0 0 0 0 0 0 0 0 0 0 0 0 0 0
0 0 0 0 0 0 0 0 0 0 0 0 0 0 0 0 0 0 0 0 0 0 0 0 0 0 0 0 0 0 0 0 0 0 0 0 0 0 0 0 0 0 0 0 0 0 0 0 0 0 0 0 1 0 1 3 56 205 847 2073 1183 549 65 0 0 0 0 0 0 0 0 0 0 0 0 3 0 401 3482 701 36 0 0 0 0 0 0 0 0 0 0 0 3 0 0 0 0 0 0 0 0 0 0 0 0 554 2467 2116 661 4 1 0 0 2 1 0 0 0 0 0 0 1 7 2 1 0 0 0 0 0 0 0 0 0 0 1 4 0 0 0 0 0 0 0 0 0 0 0 0 0 0 0 0 0 0 0 0
0 0 0 0 0 0 0 0 0 0 0 0 0 0 0 0 0 0 0 0 0 0 0 0 0 0 0 0 0 0 0 0 0 0 0 0 0 0 0 0 0 0 0 0 0 0 0 0 0 0 1 1 1 5 11 98 199 640 1956 1700 735 224 23 0 0 0 0 0 0 0 0 0 0 0 0 3 0 346 3344 553 38 3 0 0 0 0 0 0 0 0 0 2 1 0 0 0 0 0 0 0 0 0 0 0 0 526 2138 2088 976 0 1 0 0 3 0 0 0 0 0 0 2 4 3 1 0 0 0 0 0 0 0 0 0 0 3 3 0 0 0 0 0 0 0 0 0 0 0 0 0 0 0 0 0 0 0 0 0
0 0 0 0 0 0 0 0 0 0 0 0 0 0 0 0 0 0 0 0 0 0 0 0 0 0 0 0 0 0 0 0 0 0 0 0 0 0 0 0 0 0 0 0 0 0 0 0 1 1 1 5 6 20 121 172 285 1598 1936 998 266 82 4 0 0 0 0 0 0 0 0 0 0 0 0 3 0 460 2197 1599 23 28 3 0 0 1 5 0 0 0 0 2 1 0 0 0 0 0 0 0 0 0 0 0 0 463 2719 1968 1754 138 0 0 2 1 0 0 0 0 0 4 4 4 1 0 0 0 0 0 0 0 0 0 1 4 1 0 0 0 0 0 0 0 0 0 0 0 0 0 0 0 0 0 0 0 0 0 0
0 0 0 0 0 0 0 0 0 0 0 0 0 0 0 0 0 0 0 0 0 0 0 0 0 0 0 0 0 0 0 0 0 0 0 0 0 0 0 0 0 0 0 0 0 0 1 1 1 3 4 14 38 151 163 201 1340 2008 1364 245 131 50 3 0 0 0 0 0 0 0 0 0 0 0 0 3 0 793 1429 2374 46 31 13 1 40 4 0 0 0 0 0 2 1 0 0 0 0 0 0 0 0 0 0 0 0 169 2443 1890 1857 99 0 0 3 0 0 0 0 0 4 2 3 0 0 0 0 0 0 0 0 0 0 1 3 0 0 0 0 0 0 0 0 0 0 0 0 0 0 0 0 0 0 0 0 0 0 0 0
0 0 0 0 0 0 0 0 0 0 0 0 0 0 0 0 0 0 0 0 0 0 0 0 0 0 0 0 0 0 0 0 0 0 0 0 0 0 0 0 0 0 0 0 0 1 1 3 3 2 2 51 150 142 149 1151 1832 1538 183 31 63 31 2 0 0 0 0 0 0 0 0 0 0 0 0 3 5 369 1259 2137 144 21 26 16 41 0 6 0 0 0 2 1 0 0 0 0 0 0 0 0 0 0 0 0 0 62 1791 2405 1613 12 0 2 4 0 0 0 2 5 2 1 2 0 0 0 0 0 0 0 0 1 5 3 0 0 0 0 0 0 0 0 0 0 0 0 0 0 0 0 0 0 0 0 0 0 0 0 0
0 0 0 0 0 0 0 0 0 0 0 0 0 0 0 0 0 0 0 0 0 0 0 0 0 0 0 0 0 0 0 0 0 0 0 0 0 0 0 0 0 0 0 1 3 3 3 2 3 4 76 159 140 110 744 1797 1810 351 30 50 14 19 0 0 0 0 0 0 0 0 0 0 0 0 0 3 6 235 1046 2585 109 19 22 28 69 0 6 0 0 0 2 1 0 0 0 0 0 0 0 0 0 0 0 0 0 140 983 3318 1891 36 1 2 3 0 0 2 3 1 1 2 0 0 0 0 1 3 3 3 3 10 7 0 5 0 0 0 0 0 0 0 0 0 0 0 0 0 0 0 0 0 0 0 0 0 0 0 0
0 0 0 0 0 0 0 0 0 0 0 0 0 0 0 0 0 0 0 0 0 0 0 0 0 0 0 0 0 0 0 0 0 0 0 0 0 0 0 0 0 1 4 3 2 2 3 2 9 92 169 120 82 408 1671 1944 955 14 29 39 12 9 0 0 0 0 0 0 0 0 0 0 0 0 1 2 0 169 1067 3243 127 34 27 9 104 3 6 0 0 0 2 1 0 0 0 0 0 0 0 0 0 0 0 0 0 324 1232 3721 1786 660 167 6 2 0 2 3 1 1 2 0 0 0 0 2 5 3 3 9 9 1 5 8 3 0 0 0 0 0 0 0 0 0 0 0 0 0 0 0 0 0 0 0 0 0 0 0 0
0 0 0 0 0 0 0 0 0 0 0 0 0 0 0 0 0 0 0 0 0 0 0 0 0 0 0 0 0 0 0 0 0 0 0 0 0 0 0 1 4 3 0 1 3 2 0 22 125 156 87 66 298 1365 1565 1001 218 10 43 21 0 0 0 0 0 0 0 0 0 0 0 0 0 0 1 2 0 289 1067 3924 348 66 44 28 101 5 7 5 0 1 2 0 0 0 0 0 0 0 0 0 0 0 0 0 0 429 1867 4970 1716 506 18 5 1 4 4 1 1 0 2 0 0 1 4 4 5 7 8 3 5 8 3 0 0 0 0 0 0 0 0 0 0 0 0 0 0 0 0 0 0 0 0 0 0 0 0 0 0
0 0 0 0 0 0 0 0 0 0 0 0 0 0 0 0 0 0 0 0 0 0 0 0 0 0 0 0 0 0 0 0 0 0 0 0 0 0 0 3 0 1 4 3 0 7 67 145 114 80 61 261 1026 1505 1403 209 8 10 47 0 0 0 0 0 0 0 0 0 0 0 0 0 0 0 1 2 1 180 1091 4615 804 26 99 516 187 60 93 58 36 2 1 0 0 0 0 0 0 0 0 0 0 0 0 0 0 46 1504 5055 1373 223 7 4 3 2 1 10 12 2 0 0 1 5 7 14 10 7 6 8 3 0 0 0 0 0 0 0 0 0 0 0 0 0 0 0 0 0 3 0 0 0 0 0 0 0 0 0 0
0 0 0 0 0 0 0 0 0 0 0 0 0 0 0 0 0 0 0 0 0 0 0 0 0 0 0 0 0 0 0 0 0 0 0 0 0 2 0 0 4 3 0 0 0 68 108 44 84 57 237 890 1462 788 641 94 0 22 29 0 0 0 0 0 0 0 0 0 0 0 0 0 0 0 1 3 1 167 1023 2848 4466 4496 4191 1718 762 289 171 119 65 31 30 25 30 30 26 26 16 11 11 11 0 0 0 0 0 0 1000 3855 1139 66 7 4 2 5 11 3 2 0 1 4 10 11 9 7 8 6 3 0 0 0 0 0 0 0 0 0 0 0 0 0 0 0 0 3 3 3 0 0 0 0 0 0 0 0 0 0 0
0 0 0 0 0 0 0 0 0 0 0 0 0 0 0 0 0 0 0 0 0 0 0 0 0 0 0 0 0 0 0 0 0 0 0 0 0 1 7 6 0 0 0 0 4 34 3 87 51 209 601 1529 1144 174 50 0 5 34 0 0 0 0 0 0 0 0 0 0 0 0 0 0 0 1 2 3 3 213 993 674 242 1239 4807 3129 669 497 311 266 148 162 111 82 53 43 0 0 0 0 0 0 0 0 0 0 0 4 636 3010 961 114 6 1 7 7 1 0 3 3 8 14 12 9 9 6 4 0 0 0 0 0 0 0 0 0 0 0 0 0 0 0 3 3 3 0 0 0 0 0 0 0 0 0 0 0 0 0 0
0 0 0 0 0 0 0 0 0 0 0 0 0 0 0 0 0 0 0 0 0 0 0 0 0 0 0 0 0 0 0 0 0 0 0 0 0 0 0 1 3 2 0 5 1 0 67 42 169 338 1193 1155 550 45 3 0 5 0 0 0 0 0 0 0 0 0 0 0 0 0 0 0 1 0 2 6 3 228 383 27 5 39 1257 3296 145 6 0 0 8 7 4 7 0 0 0 0 0 0 0 0 0 0 0 0 0 3 553 2812 869 150 7 10 13 8 0 6 8 14 16 10 6 5 4 0 0 0 0 0 0 0 0 0 0 0 0 0 0 3 3 3 0 0 0 0 0 0 0 0 0 0 0 0 0 0 0 0 0
0 0 0 0 0 0 0 0 0 0 0 0 0 0 0 0 0 0 0 0 0 0 0 0 0 0 0 0 0 0 0 0 0 0 0 0 0 0 0 0 0 1 3 2 0 50 41 137 299 929 1140 479 82 7 0 0 0 0 0 0 0 0 0 0 0 0 0 0 0 0 1 1 1 1 5 4 24 329 167 0 4 6 536 3132 595 9 11 7 6 5 0 3 0 0 0 0 0 0 0 0 0 0 0 0 0 51 971 2748 711 43 11 10 0 3 16 12 14 11 5 6 3 2 0 0 0 0 0 0 0 0 0 0 0 1 3 3 3 0 0 0 0 0 0 0 0 0 0 0 0 0 0 0 0 0 0 0 0
0 0 0 0 0 0 0 0 0 0 0 0 0 0 0 0 0 0 0 0 0 0 0 0 0 0 0 0 0 0 0 0 0 0 0 0 0 0 0 0 0 0 0 1 26 39 92 318 959 1197 392 63 10 0 0 0 0 0 0 0 0 0 0 0 0 0 0 0 0 1 0 1 1 4 3 2 43 210 74 0 0 5 405 3955 823 283 14 3 2 1 2 1 0 0 0 0 0 0 0 0 0 0 0 0 1 2 553 2840 914 45 6 3 9 19 14 10 6 4 5 2 5 0 0 0 0 0 0 0 0 0 1 3 3 2 0 0 0 0 0 0 0 0 0 0 0 0 0 0 0 0 0 0 0 0 0 0 0
0 0 0 0 0 0 0 0 0 0 0 0 0 0 0 0 0 0 0 0 0 0 0 0 0 0 0 0 0 0 0 0 0 0 0 0 0 0 0 0 0 0 0 23 4 80 315 1160 1243 593 73 10 4 0 0 0 0 0 0 0 0 0 0 0 0 0 0 1 1 0 1 4 5 2 1 2 73 159 69 0 7 4 477 3969 810 480 150 6 1 1 3 0 0 0 0 0 0 0 0 0 0 0 0 1 1 10 192 2885 943 34 8 20 17 9 6 6 6 3 5 7 3 0 0 0 0 0 0 1 3 3 2 0 0 0 0 0 0 0 0 0 0 0 0 0 0 0 0 0 0 0 0 0 0 0 0 0 0
0 0 0 0 0 0 0 0 0 0 0 0 0 0 0 0 0 0 0 0 0 0 0 0 0 0 0 0 0 0 0 0 0 0 0 0 0 0 0 0 0 0 0 4 72 295 974 1638 954 178 10 12 0 0 0 0 0 0 0 0 0 0 0 0 0 0 1 0 0 2 4 2 4 5 1 2 57 172 54 1 14 52 515 3258 924 61 160 6 1 1 2 0 0 0 0 0 0 0 0 0 0 0 2 1 12 12 178 2581 843 72 19 7 8 7 5 4 4 8 3 0 0 0 0 0 1 1 3 2 0 0 0 0 0 0 0 0 0 0 0 0 0 0 0 0 0 0 0 0 0 0 0 0 0 0 0 0 0
0 0 0 0 0 0 0 0 0 0 0 0 0 0 0 0 0 0 0 0 0 0 0 0 0 0 0 0 0 0 0 0 0 0 0 0 0 0 0 0 0 0 1 41 287 607 2010 1191 254 44 11 7 1 0 0 0 0 0 0 0 0 0 0 0 1 1 0 1 2 3 6 5 1 0 5 2 1 158 54 9 4 253 293 2919 1247 94 14 18 4 3 0 0 0 0 0 0 0 0 0 0 1 2 9 14 11 20 889 2124 1484 74 3 6 10 3 6 6 4 0 0 0 0 1 1 3 2 2 0 0 0 0 0 0 0 0 0 0 0 0 0 0 0 0 0 0 0 0 0 0 0 0 0 0 0 0 0 0 0
0 0 0 0 0 0 0 0 0 0 0 0 0 0 0 0 0 0 0 0 0 0 0 0 0 0 0 0 0 0 0 0 0 0 0 0 0 0 0 0 1 1 26 125 185 1580 1567 458 74 8 12 1 2 2 1 0 0 0 0 0 0 0 0 1 1 1 4 1 4 6 1 1 4 8 3 5 8 127 46 0 0 231 291 2774 764 215 3 1 10 5 0 0 0 0 0 0 0 0 0 1 7 14 12 16 15 17 172 2207 2443 117 8 9 6 8 4 1 0 0 1 1 3 2 2 0 0 0 0 0 0 0 0 0 0 0 0 0 0 0 0 0 0 0 0 0 0 0 0 0 0 0 0 0 0 0 0 0 0
0 0 0 0 0 0 0 0 0 0 0 0 0 0 0 0 0 0 0 0 0 0 0 0 0 0 0 0 0 0 0 0 0 0 0 0 0 0 1 1 0 6 46 93 1088 1532 697 155 9 7 7 0 0 1 1 2 1 0 0 0 0 1 2 3 5 4 1 9 6 4 4 8 5 3 8 11 3 66 16 0 0 78 494 3232 886 230 5 1 2 1 0 0 0 0 0 0 0 0 5 13 11 13 14 17 20 17 35 1551 2234 56 7 8 3 1 0 1 1 3 2 2 0 0 0 0 0 15 15 0 0 0 0 0 0 0 0 0 0 0 0 0 0 0 0 0 0 0 0 0 0 0 0 0 0 0 0 0 0
0 0 0 0 0 0 0 0 0 0 0 0 0 0 0 0 0 0 0 0 0 0 0 0 0 0 0 0 0 0 0 0 0 0 0 0 0 1 0 0 5 36 91 300 2037 966 206 24 3 12 0 0 0 0 1 1 1 2 1 0 2 1 3 5 3 5 11 11 12 6 5 4 8 9 5 2 0 18 0 0 0 63 764 3513 1056 303 5 3 2 0 0 0 0 0 0 0 6 18 16 13 15 16 24 17 10 9 11 910 2816 212 60 0 2 1 3 7 18 33 81 30 85 77 46 15 15 0 0 0 0 0 0 0 0 0 0 0 0 0 0 0 0 0 0 0 0 0 0 0 0 0 0 0 0 0 0 0 0
0 0 0 0 0 0 0 0 0 0 0 0 0 0 0 0 0 0 0 0 0 0 0 0 0 0 0 0 0 0 0 0 0 0 0 1 1 0 2 6 30 77 58 1650 1336 534 100 5 4 0 0 0 0 0 0 0 1 1 6 7 2 5 5 3 11 8 21 4 3 9 12 9 3 0 1 2 0 0 0 0 7 18 915 3697 1359 541 6 5 2 0 0 0 0 0 6 20 20 8 17 21 21 34 21 8 10 19 29 554 4182 2504 157 179 269 597 347 266 329 367 234 246 181 38 12 0 0 0 0 0 0 0 0 0 0 0 0 0 0 0 0 0 0 0 0 0 0 0 0 0 0 0 0 0 0 0 0 0 0
0 0 0 0 0 0 0 0 0 0 0 0 0 0 0 0 0 0 0 0 0 0 0 0 0 0 0 0 0 0 0 0 0 1 1 0 2 2 6 38 69 16 1482 1868 302 221 16 1 3 0 0 0 3 0 0 0 4 5 1 3 5 8 9 17 23 20 4 5 8 10 7 6 4 0 1 2 0 0 0 0 0 31 734 3951 1645 468 34 5 3 6 2 3 7 29 49 63 67 157 80 87 94 79 76 127 235 320 412 865 5878 2278 1788 1884 1742 1426 948 661 338 209 145 48 37 0 0 0 0 0 0 0 0 0 0 0 0 0 0 0 0 0 0 0 0 0 0 0 0 0 0 0 0 0 0 0 0 0 0 0 0
0 0 0 0 0 0 0 0 0 0 0 0 0 0 0 0 0 0 0 0 0 0 0 0 0 0 0 0 0 0 0 1 1 0 2 2 0 4 55 62 11 382 3139 652 89 99 6 0 0 0 0 0 0 3 8 9 1 2 5 15 12 25 28 19 6 6 9 11 5 0 0 0 2 9 1 2 0 0 0 0 0 43 722 3537 1591 490 22 3 108 146 385 278 390 727 432 508 621 399 650 753 446 616 719 1272 1762 1849 2468 3407 9321 6316 3577 1657 868 414 186 126 106 94 39 39 39 33 33 0 0 0 0 0 0 0 0 0 0 0 0 0 0 0 0 0 0 0 0 0 0 0 0 0 0 0 0 0 0 0 0 0 0
0 0 0 0 0 0 0 0 0 0 0 0 0 0 0 0 0 0 0 0 0 0 0 0 0 0 0 0 0 1 1 0 2 2 0 0 4 63 45 4 88 2499 1724 56 144 26 0 3 3 0 0 0 3 7 8 3 8 8 23 27 31 20 7 43 153 105 46 1 17 19 6 6 6 0 10 17 34 64 14 71 0 61 936 3589 2966 2274 1013 1183 1210 2417 2143 1879 1725 1392 1151 1080 940 1149 1258 1106 1916 2996 3576 3576 4346 5868 6689 8305 5684 1874 519 424 392 364 331 285 247 241 211 175 60 26 26 0 0 0 0 0 0 0 0 0 0 0 0 0 0 0 0 0 0 0 0 0 0 0 0 0 0 0 0 0 0 0 0 0 0
0 0 0 0 0 0 0 0 0 0 0 0 0 0 0 0 0 0 0 0 0 0 0 0 0 0 0 1 1 0 2 2 0 0 0 10 47 21 5 25 178 2436 2049 121 90 39 36 36 25 8 10 19 18 10 14 15 20 50 232 151 174 326 358 354 234 106 145 206 208 283 208 216 295 221 500 391 311 250 435 672 794 580 2181 8109 4478 6202 3979 3776 3788 3088 2557 2235 1858 1680 1534 1906 1699 1892 1758 1914 1751 1096 643 688 511 217 254 621 1850 1956 418 362 40 11 11 0 0 0 0 0 0 0 0 0 0 0 0 0 0 0 0 0 0 0 0 0 0 0 0 0 0 0 0 0 0 0 0 0 0 0 0 0 0 0 0 0 0
0 0 0 0 0 0 0 0 0 0 0 0 0 0 0 0 0 0 0 0 0 0 0 0 0 1 1 0 2 2 0 0 0 0 2 8 7 4 19 0 142 991 4060 1075 51 139 144 147 1001 471 305 280 405 393 405 570 868 1864 2919 1806 1163 831 641 726 992 729 868 851 1285 1654 1649 1512 1289 1649 1540 1770 1949 1748 2079 2070 2813 3810 5643 6520 7126 1953 133 134 267 443 547 75 145 220 129 75 111 76 84 150 76 20 12 17 13 0 3 2 1 296 0 0 0 0 0 0 0 0 0 0 0 0 0 0 0 0 0 0 0 0 0 0 0 0 0 0 0 0 0 0 0 0 0 0 0 0 0 0 0 0 0 0 0 0 0 0 0
0 0 0 0 0 0 0 0 0 0 0 0 0 0 0 0 0 0 0 0 0 0 0 0 1 0 2 2 0 0 0 0 0 8 9 5 4 9 6 37 145 183 1984 5736 1485 938 2764 4031 2465 1559 1700 1979 2570 2305 2563 2926 3353 4798 5761 7121 4594 3695 2949 2439 2333 2412 3093 2756 1371 720 637 678 732 602 580 545 708 819 1058 958 1242 484 930 3725 4300 751 78 15 9 23 49 0 0 0 11 30 22 17 13 8 14 19 21 21 15 18 13 6 7 5 3 2 0 0 0 0 0 0 0 0 0 0 0 0 0 0 0 0 0 0 0 0 0 0 0 0 0 0 0 0 0 0 0 0 0 0 0 0 0 0 0 0 0 0 0 0 0
0 0 0 0 0 0 0 0 0 0 0 0 0 0 0 0 0 0 0 0 0 0 1 1 2 2 0 0 0 0 0 1 4 4 4 1 0 22 10 82 71 187 1168 6778 12643 11875 6845 3889 3716 4025 3637 3634 3972 4022 4538 5154 7539 9676 18001 3257 1831 1449 958 697 506 863 448 71 105 58 90 131 135 38 10 59 137 219 114 110 7 2 235 2380 4031 608 35 17 7 0 3 1 0 0 0 1 14 26 27 23 15 7 5 7 11 2 6 14 12 2 2 3 3 3 3 7 3 3 0 0 0 0 0 0 0 0 0 0 0 0 0 4 6 0 0 0 0 0 0 0 0 0 0 0 0 0 0 0 0 0 0 0 0 0 0 0 0
0 0 0 0 0 0 0 0 0 0 0 0 0 0 0 0 0 0 0 0 1 1 2 2 0 0 0 0 0 0 4 4 5 3 0 0 12 0 0 34 15 118 611 2252 337 149 1078 60 1 1 2 5 4 3 10 5 23 28 6883 19 3 2 1 2 2 2 2 0 0 0 0 0 0 1 2 4 0 0 3 0 0 3 541 2442 3238 1062 119 26 5 0 3 7 0 1 1 0 2 6 15 14 19 16 15 7 6 6 5 2 1 1 2 2 3 5 4 0 0 0 3 3 3 0 0 0 0 0 1 4 6 6 6 2 0 0 0 0 0 0 0 0 0 0 0 0 0 0 0 0 0 0 0 0 0 0 0 0 0
0 0 0 0 0 0 0 0 0 0 0 0 0 0 0 0 0 0 1 1 2 2 0 0 0 0 0 0 0 5 2 5 1 0 0 0 0 0 5 3 20 114 485 243 450 0 0 0 3 1 1 0 1 2 2 3 3 54 4262 166 2 3 3 3 2 0 0 0 0 0 0 0 1 2 3 2 0 0 0 0 0 2 342 2109 3225 729 216 9 7 3 0 4 2 0 2 5 5 2 0 6 11 11 15 16 17 12 6 6 5 4 6 8 11 9 2 1 4 0 0 0 0 1 2 4 6 6 5 2 0 0 0 0 0 0 0 0 0 0 0 0 0 0 0 0 0 0 0 0 0 0 0 0 0 0 0 0 0
0 0 0 0 0 0 0 0 0 0 0 0 0 0 0 0 1 1 2 2 0 0 0 0 0 0 0 5 5 1 4 0 0 0 0 0 0 0 5 1 9 40 26 14 106 0 0 0 0 0 0 1 1 0 1 1 3 247 5172 471 3 3 4 2 2 3 0 0 0 0 1 3 2 0 1 2 0 0 0 0 0 2 153 1778 3014 1534 77 19 8 1 1 0 2 4 4 2 0 0 0 0 0 3 6 7 3 12 20 21 18 18 19 9 8 4 6 6 2 3 2 4 5 5 4 2 0 0 4 0 0 0 0 0 0 0 0 0 0 0 0 0 0 0 0 0 0 0 0 0 0 0 0 0 0 0 0 0 0
0 0 0 0 0 0 0 0 0 0 0 0 0 0 1 1 2 2 0 0 0 0 0 0 0 0 0 0 4 4 0 0 0 0 0 0 0 0 0 9 5 4 1 8 19 0 0 0 0 0 0 0 0 1 1 1 5 218 5963 1198 21 0 0 3 4 1 2 2 0 1 2 0 0 0 1 2 0 11 0 0 0 3 38 1830 3075 2210 62 25 5 3 2 4 4 3 1 0 0 0 3 3 3 3 4 5 7 10 11 15 24 17 14 13 10 10 8 7 6 5 5 3 1 0 1 4 4 4 0 0 0 0 0 0 0 0 0 0 0 0 0 0 0 0 0 0 0 0 0 0 0 0 0 0 0 0 0 0 0
0 0 0 0 0 0 0 0 0 0 0 0 0 1 2 2 0 0 0 0 0 0 0 0 0 0 0 5 1 0 0 0 0 0 0 0 0 0 0 10 5 0 1 6 4 0 0 0 0 0 0 0 0 0 0 1 0 319 5403 1911 89 0 0 0 0 0 0 1 5 2 0 0 0 0 1 2 0 11 0 1 4 1 8 1504 3671 2119 75 31 3 9 3 5 4 3 3 3 3 4 1 2 4 7 10 8 8 7 10 11 8 13 16 15 15 13 6 5 7 3 1 1 5 5 3 0 0 0 0 3 3 0 0 0 0 0 0 0 0 0 0 0 0 0 0 0 0 0 0 0 0 0 0 0 0 0 0 0 0
0 0 0 0 0 0 0 0 0 0 0 1 3 2 0 0 0 0 0 0 0 0 0 0 0 0 0 0 0 0 0 0 0 0 0 0 0 0 7 8 0 0 1 6 0 0 0 0 0 0 0 0 0 0 0 0 4 289 4602 1778 363 29 0 0 0 1 3 2 0 0 0 0 0 0 1 2 1 7 14 2 4 4 5 1273 4183 1873 400 44 14 13 5 1 1 1 1 2 4 6 12 9 10 9 7 7 7 9 15 12 10 7 4 6 8 6 10 12 8 8 9 6 2 9 14 14 3 6 6 3 0 0 0 0 0 0 0 0 0 0 0 0 0 0 0 0 0 0 0 0 0 0 0 0 0 0 0 0 0
0 0 0 0 0 0 0 0 0 1 3 2 0 0 0 0 0 0 0 0 0 0 0 0 0 0 0 0 0 0 0 0 0 0 0 0 0 0 5 5 0 0 1 6 0 0 0 0 0 0 0 0 0 0 0 0 6 495 5029 1209 10 5 1 0 1 2 0 0 0 0 0 0 1 1 2 3 2 7 15 9 7 7 13 1164 5073 1256 457 42 17 4 5 3 6 6 12 9 8 11 9 8 9 8 9 11 23 15 6 6 4 0 1 3 2 7 13 18 22 45 103 206 210 145 8 3 4 1 0 3 26 51 56 56 56 56 0 0 0 0 0 0 0 0 0 0 0 0 0 0 0 0 0 0 0 0 0 0 0
0 0 0 0 0 0 0 1 3 2 0 0 0 0 0 0 0 0 0 0 0 0 0 0 0 0 0 0 0 0 0 0 0 0 0 0 0 1 9 0 0 0 4 3 0 0 0 0 0 0 0 0 0 0 0 0 11 664 5924 1005 49 4 3 5 2 0 0 0 1 1 1 3 3 4 7 8 5 18 24 7 6 2 6 876 5630 1127 218 52 13 8 15 15 16 11 7 6 11 17 9 15 14 211 70 66 116 402 261 432 391 654 692 542 640 769 665 857 1089 1213 1266 1171 847 646 270 158 134 110 57 54 31 5 0 0 0 0 0 0 0 0 0 0 0 0 0 0 0 0 0 0 0 0 0 0 0 0 0 0 0
0 0 0 0 0 1 3 2 0 0 0 0 0 0 0 0 0 0 0 0 0 0 0 0 0 0 0 0 0 0 0 0 0 0 0 0 0 5 5 0 0 0 7 0 0 0 0 0 0 0 0 0 0 0 0 0 39 716 6167 3145 1850 819 243 147 9 124 4 5 4 5 4 2 7 3 2 6 7 17 29 5 5 8 21 188 3967 1588 145 138 256 395 363 414 368 364 365 466 745 892 1145 1239 1843 1923 1574 1133 1464 3619 3691 3519 2856 2665 2577 2521 2522 2417 2732 4351 7362 2255 903 528 413 250 185 171 83 23 2 1 0 1 1 0 0 0 0 0 0 0 0 0 0 0 0 0 0 0 0 0 0 0 0 0 0 0 0 0 0
0 0 0 1 3 2 0 0 0 0 0 0 0 0 0 0 0 0 0 0 0 0 0 0 0 0 0 0 0 0 0 0 0 0 0 0 0 10 0 0 0 0 4 0 0 0 0 0 0 0 0 0 0 0 0 0 25 1663 4164 1033 1440 3645 4569 5083 4644 2701 945 434 164 32 25 14 24 70 81 105 359 161 424 423 837 899 1134 1774 7624 4251 2574 1828 1633 1380 1153 988 1525 2477 3421 3694 4482 3948 3808 3474 3182 2607 3488 3998 4165 2533 1129 921 786 599 529 616 702 695 501 376 4792 1065 421 329 260 246 220 217 192 27 2 2 3 1 0 1 1 0 0 0 0 0 0 0 0 0 0 0 0 0 0 0 0 0 0 0 0 0 0 0 0
0 1 3 2 0 0 0 0 0 0 0 0 0 0 0 0 0 0 0 0 0 0 0 0 0 0 0 0 0 0 0 0 0 0 0 0 5 5 0 0 0 0 0 0 0 0 0 0 0 0 0 0 0 0 0 0 67 2711 1525 55 10 80 886 1602 2375 4027 4460 4184 3240 2724 2579 1630 1009 1087 2630 4291 3202 3124 3781 5526 7138 7994 8408 7239 6974 3352 2006 1417 1240 1024 1083 1281 620 288 344 313 78 84 101 213 335 239 241 400 737 1218 994 333 407 468 235 113 113 161 179 49 4208 654 72 34 36 38 37 38 40 24 2 1 1 3 3 2 1 1 1 0 0 0 0 0 0 0 0 0 0 0 0 0 0 0 0 0 0 0 0 0 0
0 2 0 0 0 0 0 0 0 0 0 0 0 0 0 0 0 0 0 0 0 0 0 0 0 0 0 0 0 0 0 0 0 0 0 0 10 0 0 0 0 0 0 0 0 0 0 0 0 0 0 0 0 0 0 0 344 2983 582 0 0 0 0 21 425 804 1061 1997 2330 2674 2726 2852 3835 4557 2897 1764 1582 1294 450 887 4179 3521 823 332 555 409 240 249 216 246 138 78 39 103 47 61 51 0 0 0 0 5 16 5 0 9 235 15 0 0 0 0 0 0 0 4 3983 980 126 0 1 1 3 4 1 4 5 4 0 0 1 2 2 3 1 1 1 0 0 0 0 0 0 0 0 0 0 0 0 0 0 0 0 0 0 0 0
0 0 0 0 0 0 0 0 0 0 0 0 0 0 0 0 0 0 0 0 0 0 0 0 0 0 0 0 0 0 0 0 0 0 0 5 5 0 0 0 0 0 0 0 0 0 0 0 0 0 0 0 0 0 0 27 1606 2446 308 0 0 0 0 0 4 0 39 194 442 682 1353 460 497 591 713 713 790 247 128 992 3968 391 2 76 275 345 21 0 3 6 3 6 1 3 0 0 1 3 2 0 0 0 0 0 23 0 0 88 0 0 0 0 0 0 3 10 3604 1075 254 53 0 0 1 1 3 3 1 4 7 3 0 0 1 1 3 3 2 1 1 0 0 0 0 0 0 0 0 0 0 0 0 0 0 0 0 0 0
0 0 0 0 0 0 0 0 0 0 0 0 0 0 0 0 0 0 0 0 0 0 0 0 0 0 0 0 0 0 0 0 0 0 0 0 0 0 0 0 0 0 0 0 0 0 0 0 0 0 0 0 0 0 0 299 3156 1716 32 0 0 0 0 0 0 4 0 3 4 38 190 106 32 54 68 12 53 115 42 602 3410 425 12 77 127 291 3 0 1 5 6 3 7 0 0 0 0 0 1 2 0 0 0 0 23 0 0 195 0 0 0 0 0 0 3 75 2654 1183 297 54 0 0 0 0 1 1 3 3 1 5 3 2 0 0 0 1 2 4 3 2 1 0 0 0 0 0 0 0 0 0 0 0 0 0 0 0 0
0 0 0 0 0 0 0 0 0 0 0 0 0 0 0 0 0 0 0 0 0 0 0 0 0 0 0 0 0 0 0 0 0 0 0 0 0 0 0 0 0 0 0 0 0 0 0 0 0 0 0 0 0 0 111 2374 2486 959 4 0 0 0 0 0 0 4 0 0 3 0 0 20 8 16 14 2 0 0 97 425 2368 703 25 36 83 332 7 0 1 3 6 5 7 0 0 0 0 0 0 1 3 0 0 0 40 8 19 214 0 0 0 6 0 4 3 182 1864 1640 314 74 0 0 0 0 0 0 1 1 3 1 2 2 2 2 0 0 0 0 1 3 3 3 1 0 0 0 0 0 0 0 0 0 0 0 0 0 0
0 0 0 0 0 0 0 0 0 0 0 0 0 0 0 0 0 0 0 0 0 0 0 0 0 0 0 0 0 0 0 0 0 0 0 0 0 0 0 0 0 0 0 0 0 0 0 0 0 0 0 0 0 69 1930 3071 1034 709 11 0 0 0 0 0 0 0 0 0 0 3 0 0 0 0 2 5 2 0 0 884 1831 1083 30 12 61 339 9 0 0 3 8 5 6 0 0 0 0 0 0 0 0 3 2 0 28 123 29 214 0 0 6 0 2 5 0 76 1250 1736 367 22 0 0 0 0 0 0 0 0 1 3 2 1 3 2 2 2 0 0 0 0 1 2 4 4 1 0 0 0 0 0 0 0 0 0 0 0 0
0 0 0 0 0 0 0 0 0 0 0 0 0 0 0 0 0 0 0 0 0 0 0 0 0 0 0 0 0 0 0 0 0 0 0 0 0 0 0 0 0 0 0 0 0 0 0 0 0 0 0 8 215 1613 3636 695 233 564 11 0 0 0 0 0 0 0 0 0 0 0 3 0 0 0 1 2 1 3 1 534 1678 1576 120 49 56 350 3 0 0 4 6 6 3 3 0 0 0 0 0 0 0 0 1 3 38 295 32 221 0 0 6 0 4 3 1 67 897 1696 98 17 0 0 0 0 0 0 0 0 0 0 1 3 2 1 3 1 2 1 0 0 0 0 0 1 4 5 2 0 0 0 0 0 0 0 0 0 0
0 0 0 0 0 0 0 0 0 0 0 0 0 0 0 0 0 0 0 0 0 0 0 0 0 0 0 0 0 0 0 0 0 0 0 0 0 0 0 0 0 0 0 0 0 0 0 0 0 0 42 425 1367 4502 1383 72 4 147 0 0 0 0 0 0 0 0 0 0 0 0 0 0 0 0 1 2 0 0 5 143 1700 1778 422 37 94 313 3 0 1 6 3 5 1 6 0 0 0 0 0 15 20 0 0 0 16 375 54 311 7 3 3 2 5 0 3 7 719 1983 221 27 0 0 0 0 0 0 0 0 0 0 0 0 1 3 2 2 3 2 2 1 0 0 0 0 0 0 3 5 4 0 0 0 0 0 0 0 0
0 0 0 0 0 0 0 0 0 0 0 0 0 0 0 0 0 0 0 0 0 0 0 0 0 0 0 0 0 0 0 0 0 0 0 0 0 0 0 0 0 0 0 0 0 0 0 0 0 0 11 814 3278 2488 473 14 0 0 0 0 0 0 0 0 0 0 0 0 0 0 0 0 0 1 0 2 0 0 3 247 1472 2557 721 37 296 276 0 3 3 2 3 5 3 6 0 0 0 0 0 0 11 41 10 0 0 475 187 308 7 6 2 2 3 0 0 0 564 2480 230 0 0 0 0 0 0 0 0 0 0 0 0 0 0 0 1 3 2 2 3 2 2 1 0 0 0 0 0 0 1 5 5 0 0 0 0 0 0
0 0 0 0 0 0 0 0 0 0 0 0 0 0 0 0 0 0 0 0 0 0 0 0 0 0 0 0 0 0 0 0 0 0 0 0 0 0 0 0 0 0 0 0 0 0 0 0 0 0 245 1663 2258 1086 115 6 0 0 0 0 0 0 0 0 0 0 0 0 0 0 0 0 0 1 0 2 0 0 7 368 1633 3708 547 175 548 120 7 7 2 0 3 3 6 6 0 0 0 0 0 0 4 16 52 38 4 532 373 363 4 6 3 4 1 0 0 0 239 3060 241 2 0 0 0 0 0 0 0 0 0 0 0 0 0 0 0 0 1 3 2 2 2 2 2 0 0 0 0 0 0 0 0 5 0 0 0 0 0
0 0 0 0 0 0 0 0 0 0 0 0 0 0 0 0 0 0 0 0 0 0 0 0 0 0 0 0 0 0 0 0 0 0 0 0 0 0 0 0 0 0 0 0 0 0 0 0 0 176 1120 2415 729 152 32 3 0 0 0 0 0 0 0 0 0 0 0 0 0 0 0 0 0 1 0 2 0 0 4 137 1936 4016 814 588 677 305 135 263 231 129 115 138 113 166 185 98 45 84 49 529 1082 1248 599 160 847 1622 772 812 10 14 2 3 0 0 0 0 69 3548 453 6 0 0 0 0 0 0 0 0 0 0 0 0 0 0 0 0 0 0 1 3 1 2 2 4 2 0 0 0 0 0 0 0 0 0 0 0 0
0 0 0 0 0 0 0 0 0 0 0 0 0 0 0 0 0 0 0 0 0 0 0 0 0 0 0 0 0 0 0 0 0 0 0 0 0 0 0 0 0 0 0 0 0 0 0 1 88 716 2671 1040 149 20 6 3 0 0 0 0 0 0 0 0 0 0 0 0 0 0 0 0 0 1 0 2 0 0 0 29 1385 5217 1413 860 389 318 455 569 697 871 654 619 799 800 839 1067 1434 1660 1469 2066 2081 2704 3243 3273 2746 5564 2904 1134 14 6 3 5 0 0 0 0 32 2738 1549 9 0 0 0 0 0 0 0 0 0 0 0 0 0 0 0 0 0 0 0 0 3 3 1 0 2 4 2 0 0 0 0 0 0 0 0 0 0
0 0 0 0 0 0 0 0 0 0 0 0 0 0 0 0 0 0 0 0 0 0 0 0 0 0 0 0 0 0 0 0 0 0 0 0 0 0 0 0 0 0 0 0 0 1 1 58 331 2549 1385 341 16 3 6 3 0 0 0 0 0 0 0 0 0 0 0 0 0 0 0 0 0 1 0 2 0 0 0 18 751 6698 2216 1612 1845 1777 2683 2098 2162 2353 2261 1927 1989 1890 1996 1524 732 562 720 464 643 511 537 216 96 833 4149 1795 150 2 3 1 3 0 0 0 5 898 3663 81 3 0 0 0 0 0 0 0 0 0 0 0 0 0 0 0 0 0 0 0 0 0 3 4 1 0 2 4 2 0 0 0 0 0 0 0 0
0 0 0 0 0 0 0 0 0 0 0 0 0 0 0 0 0 0 0 0 0 0 0 0 0 0 0 0 0 0 0 0 0 0 0 0 0 0 0 0 0 0 0 1 1 1 1 179 1979 2123 372 18 8 6 1 3 0 0 0 0 0 0 0 0 0 0 0 0 0 0 0 0 0 1 0 2 0 0 0 32 1044 5622 4607 2043 1057 842 773 470 512 495 326 207 355 317 234 63 47 20 4 0 0 6 14 0 0 453 4176 821 45 0 6 2 0 3 0 0 0 102 4153 1368 3 0 0 0 0 0 0 0 0 0 0 0 0 0 0 0 0 0 0 0 0 0 0 0 3 4 1 0 2 4 2 0 0 0 0 0 0
0 0 0 0 0 0 0 0 0 0 0 0 0 0 0 0 0 0 0 0 0 0 0 0 0 0 0 0 0 0 0 0 0 0 0 0 0 0 0 0 0 1 1 1 2 1 58 1408 2532 244 38 1 5 6 3 0 0 0 0 0 0 0 0 0 0 0 0 0 0 0 0 0 0 1 0 2 0 0 0 43 1289 4742 1155 112 19 35 17 0 0 1 2 5 8 3 3 6 0 0 0 0 0 0 1 6 0 414 3143 368 72 3 8 0 0 0 3 3 0 19 1836 5660 323 2 0 0 0 0 0 0 0 0 0 0 0 0 0 0 0 0 0 0 0 0 0 0 0 0 3 4 0 0 2 4 2 0 0 0 0
0 0 0 0 0 0 0 0 0 0 0 0 0 0 0 0 0 0 0 0 0 0 0 0 0 0 0 0 0 0 0 0 0 0 0 0 0 0 0 1 3 2 2 1 0 6 847 3382 532 35 0 4 2 3 3 0 0 0 0 0 0 0 0 0 0 0 0 0 0 0 0 0 0 1 0 2 0 0 3 369 2201 2815 716 30 4 0 0 0 2 4 6 5 1 0 1 7 0 0 0 0 0 0 0 6 5 384 2213 537 105 9 2 0 0 0 0 0 3 2 395 3190 4470 206 1 0 0 0 0 0 0 0 0 0 0 0 0 0 0 0 0 0 0 0 0 0 0 0 0 0 4 4 0 0 2 4 2 0 0
0 0 0 0 0 0 0 0 0 0 0 0 0 0 0 0 0 0 0 0 0 0 0 0 0 0 0 0 0 0 0 0 0 0 0 0 0 0 0 2 0 0 0 0 0 142 2660 2609 79 0 0 2 2 2 3 0 0 0 0 0 0 0 0 0 0 0 0 0 0 0 0 0 0 1 0 2 0 0 146 1243 3583 981 173 45 0 0 0 1 4 5 3 0 0 0 0 8 0 0 0 0 0 0 0 1 16 130 1937 570 124 9 4 0 0 0 0 0 0 3 81 407 7439 1268 6 0 0 0 0 0 0 0 0 0 0 0 0 0 0 0 0 0 0 0 0 0 0 0 0 0 0 0 0 0 0 0 2 0 0
0 0 0 0 0 0 0 0 0 0 0 0 0 0 0 0 0 0 0 0 0 0 0 0 0 0 0 0 0 0 0 0 0 0 0 0 0 0 0 0 0 0 0 3 15 519 4192 896 2 0 0 2 4 0 3 0 0 0 0 0 0 0 0 0 0 0 0 0 0 0 0 0 0 1 0 2 0 0 560 2493 1989 371 41 2 0 0 2 3 5 1 0 0 0 0 0 2 6 0 0 0 0 0 0 0 7 48 1440 465 44 6 0 0 0 0 0 0 2 18 114 1161 6137 829 7 0 0 0 0 0 0 0 0 0 0 0 0 0 0 0 0 0 0 0 0 0 0 0 0 0 0 0 0 0 0 0 0 0 0
0 0 0 0 0 0 0 0 0 0 0 0 0 0 0 0 0 0 0 0 0 0 0 0 0 0 0 0 0 0 0 0 0 0 0 0 0 0 0 0 0 0 3 11 3 129 3200 275 0 0 1 2 3 0 3 0 0 0 0 0 0 0 0 0 0 0 0 0 0 0 0 0 0 1 0 6 3 89 1356 2913 733 40 2 0 1 2 4 3 0 0 0 0 0 0 0 1 7 0 0 0 0 0 0 0 0 70 1327 903 9 6 2 2 2 11 29 45 112 293 2019 2962 1346 281 22 0 0 0 0 0 0 0 0 0 0 0 0 0 0 0 0 0 0 0 0 0 0 0 0 0 0 0 0 0 0 0 0 0 0
0 0 0 0 0 0 0 0 0 0 0 0 0 0 0 0 0 0 0 0 0 0 0 0 0 0 0 0 0 0 0 0 0 0 0 0 0 0 0 0 0 3 11 0 0 183 2963 422 0 0 1 2 3 0 3 0 0 0 0 0 0 0 0 0 0 0 0 0 0 0 0 0 0 1 0 6 347 688 2803 1920 37 2 1 2 3 5 1 0 0 0 0 0 0 0 0 0 8 0 0 0 0 0 0 0 0 59 958 1691 9 5 5 5 5 5 2 17 418 2971 2188 470 89 120 93 4 0 0 0 0 0 0 0 0 0 0 0 0 0 0 0 0 0 0 0 0 0 0 0 0 0 0 0 0 0 0 0 0 0
0 0 0 0 0 0 0 0 0 0 0 0 0 0 0 0 0 0 0 0 0 0 0 0 0 0 0 0 0 0 0 0 0 0 0 0 0 0 0 0 6 11 0 0 0 180 2971 302 0 0 2 4 0 0 3 0 0 0 0 0 0 0 0 0 0 0 0 0 0 0 0 0 0 1 0 6 583 2228 4051 825 5 2 1 5 3 0 0 0 0 0 0 0 0 0 0 0 5 3 0 0 0 0 0 0 0 0 684 1935 12 0 0 0 0 0 41 615 3255 1371 192 99 62 36 47 15 0 0 0 0 0 0 0 0 0 0 0 0 0 0 0 0 0 0 0 0 0 0 0 0 0 0 0 0 0 0 0 0 0
0 0 0 0 0 0 0 0 0 0 0 0 0 0 0 0 0 0 0 0 0 0 0 0 0 0 0 0 0 0 0 0 0 0 0 0 0 0 0 6 8 0 0 0 6 185 3462 309 0 0 3 3 0 0 3 0 0 0 0 0 0 0 0 0 0 0 0 0 0 0 0 0 0 1 0 7 1241 5104 2229 342 5 1 5 0 0 0 0 0 0 0 0 0 0 0 0 0 1 7 0 0 0 0 0 0 0 3 613 2259 162 0 0 0 2 36 1205 3483 1018 123 29 48 112 8 1 16 1 0 0 0 0 0 0 0 0 0 0 0 0 0 0 0 0 0 0 0 0 0 0 0 0 0 0 0 0 0 0 0 0
0 0 0 0 0 0 0 0 0 0 0 0 0 0 0 0 0 0 0 0 0 0 0 0 0 0 0 0 0 0 0 0 0 0 0 0 0 0 0 8 0 0 0 0 10 96 3311 145 0 0 3 3 0 0 0 0 0 0 0 0 0 0 0 0 0 0 0 0 0 0 0 0 0 1 0 67 2636 2006 364 7 4 4 0 0 0 0 0 0 0 0 0 0 0 0 0 0 0 8 0 0 0 0 0 0 0 0 286 2420 152 2 6 15 352 1855 3192 456 74 0 13 38 123 19 3 13 5 0 0 0 0 0 0 0 0 0 0 0 0 0 0 0 0 0 0 0 0 0 0 0 0 0 0 0 0 0 0 0 0
0 0 0 0 0 0 0 0 0 0 0 0 0 0 0 0 0 0 0 0 0 0 0 0 0 0 0 0 0 0 0 0 0 0 0 0 0 0 0 0 0 0 0 0 1 266 3178 303 0 1 3 2 0 0 0 0 0 0 0 0 0 0 0 0 0 0 0 0 0 0 0 0 0 1 43 683 2460 611 8 2 1 0 0 0 0 0 0 0 0 0 0 0 0 0 0 0 0 8 0 0 0 0 0 0 0 0 256 3074 225 8 5 312 2222 2928 488 2 0 0 7 37 68 59 4 0 11 0 0 0 0 0 0 0 0 0 0 0 0 0 0 0 0 0 0 0 0 0 0 0 0 0 0 0 0 0 0 0 0
0 0 0 0 0 0 0 0 0 0 0 0 0 0 0 0 0 0 0 0 0 0 0 0 0 0 0 0 0 0 0 0 0 0 0 0 0 0 0 0 0 0 0 0 5 294 3144 384 0 2 4 0 0 0 0 0 0 0 0 0 0 0 0 0 0 0 0 0 0 0 0 0 0 67 135 2087 1913 222 1 0 0 0 0 0 0 0 0 0 0 0 0 0 0 0 0 0 0 0 8 0 0 0 0 0 0 0 88 2811 1220 5 131 1802 2571 406 8 0 0 0 0 30 10 46 4 0 9 2 0 0 0 0 0 0 0 0 0 0 0 0 0 0 0 0 0 0 0 0 0 0 0 0 0 0 0 0 0 0 0
0 0 0 0 0 0 0 0 0 0 0 0 0 0 0 0 0 0 0 0 0 0 0 0 0 0 0 0 0 0 0 0 0 0 0 0 0 0 0 0 0 0 0 0 0 570 3221 440 0 3 3 0 0 0 0 0 0 0 0 0 0 0 0 0 0 0 0 0 0 0 0 1 16 183 806 2015 1580 185 11 0 0 0 0 0 0 0 0 0 0 0 0 0 0 0 0 0 0 0 0 0 0 0 0 0 3 14 23 1054 4076 500 2264 2103 82 9 1 0 0 0 0 30 10 2 8 0 0 11 0 0 0 0 0 0 0 0 0 0 0 0 0 0 0 0 0 0 0 0 0 0 0 0 0 0 0 0 0 0 0
0 0 0 0 0 0 0 0 0 0 0 0 0 0 0 0 0 0 0 0 0 0 0 0 0 0 0 0 0 0 0 0 0 0 0 0 0 0 0 0 0 0 0 0 32 767 3273 438 0 3 3 0 0 0 0 0 0 0 0 0 0 0 0 0 0 0 0 0 0 1 3 2 75 538 1587 1968 534 263 17 0 0 0 0 0 0 0 0 0 0 0 0 0 0 0 0 0 0 0 0 0 0 3 3 3 4 20 70 468 2315 4311 2057 41 6 4 0 0 0 0 0 9 0 0 6 4 0 9 2 0 0 0 0 0 0 0 0 0 0 0 0 0 0 0 0 0 0 0 0 0 0 0 0 0 0 0 0 0 0
0 0 0 0 0 0 0 0 0 0 0 0 0 0 0 0 0 0 0 0 0 0 0 0 0 0 0 0 0 0 0 0 0 0 0 0 0 0 0 0 0 0 0 0 47 717 3751 449 1 5 0 0 0 0 0 0 0 0 0 0 0 0 0 0 0 0 0 1 1 2 0 4 414 994 2204 861 93 0 0 0 0 0 0 0 0 0 0 0 0 0 0 0 0 0 0 0 0 0 3 3 3 4 27 85 182 284 538 954 1185 736 80 2 5 1 0 0 0 0 0 9 0 0 6 4 0 0 5 0 0 0 0 0 0 0 0 0 0 0 0 0 0 0 0 0 0 0 0 0 0 0 0 0 0 0 0 0 0
0 0 0 0 0 0 0 0 0 0 0 0 0 0 0 0 0 0 0 0 0 0 0 0 0 0 0 0 0 0 0 0 0 0 0 0 0 0 0 0 0 0 0 0 48 696 3123 720 2 4 0 0 0 0 0 0 0 0 0 0 0 0 0 0 0 0 1 2 2 0 0 25 717 2050 1217 92 0 0 0 0 0 0 0 0 0 0 0 0 0 0 0 0 0 0 0 3 3 3 0 0 22 71 130 198 387 507 644 518 335 7 0 0 6 0 0 0 0 0 0 0 0 0 6 4 0 0 4 1 0 0 0 0 0 0 0 0 0 0 0 0 0 0 0 0 0 0 0 0 0 0 0 0 0 0 0 0 0
0 0 0 0 0 0 0 0 0 0 0 0 0 0 0 0 0 0 0 0 0 0 0 0 0 0 0 0 0 0 0 0 0 0 0 0 0 0 0 0 0 0 0 1 129 730 2966 432 3 3 0 0 0 0 0 0 0 0 0 0 0 0 0 0 1 1 2 0 0 0 0 226 1584 2164 682 2 0 0 0 0 0 0 0 0 0 0 0 0 0 0 0 0 0 0 3 0 0 8 45 49 65 77 316 453 341 458 245 134 9 0 0 5 1 0 0 0 0 0 0 0 0 0 2 8 0 0 0 5 0 0 0 0 0 0 0 0 0 0 0 0 0 0 0 0 0 0 0 0 0 0 0 0 0 0 0 0 0
0 0 0 0 0 0 0 0 0 0 0 0 0 0 0 0 0 0 0 0 0 0 0 0 0 0 0 0 0 0 0 0 0 0 0 0 0 0 0 0 0 0 0 3 139 884 3183 198 4 2 0 0 0 0 0 0 0 0 0 0 0 0 1 1 2 2 0 0 0 0 35 735 2564 1192 46 0 0 0 0 0 0 0 0 0 0 0 0 0 0 0 0 0 0 0 0 0 8 40 30 64 238 375 229 244 354 154 91 11 3 0 0 2 1 0 0 0 0 0 0 0 0 0 0 6 4 0 0 4 1 0 0 0 0 0 0 0 0 0 0 0 0 0 0 0 0 0 0 0 0 0 0 0 0 0 0 0 0
0 0 0 0 0 0 0 0 0 0 0 0 0 0 0 0 0 0 0 0 0 0 0 0 0 0 0 0 0 0 0 0 0 0 0 0 0 0 0 0 0 0 1 2 0 766 2394 310 5 0 0 0 0 0 0 0 0 0 0 0 0 1 0 2 0 7 7 0 0 0 655 2304 1997 835 3 0 0 0 0 0 0 0 0 0 0 0 0 0 0 0 0 0 0 0 0 0 3 54 48 110 168 136 311 248 126 73 4 3 0 0 0 3 0 0 0 0 0 0 0 0 0 0 0 0 0 0 0 0 0 0 0 0 0 0 0 0 0 0 0 0 0 0 0 0 0 0 0 0 0 0 0 0 0 0 0 0 0
0 0 0 0 0 0 0 0 0 0 0 0 0 0 0 0 0 0 0 0 0 0 0 0 0 0 0 0 0 0 0 0 0 0 0 0 0 0 0 0 0 0 3 0 0 3977 1101 268 4 0 0 0 0 0 0 0 0 0 0 2 1 2 2 2 10 3 4 0 0 0 1412 3101 1165 26 0 3 0 0 0 0 0 0 0 0 0 0 0 0 0 0 0 0 0 0 0 5 48 25 15 47 40 97 109 106 38 0 3 0 0 0 0 3 0 0 0 0 0 0 0 0 0 0 0 0 0 0 0 0 0 0 0 0 0 0 0 0 0 0 0 0 0 0 0 0 0 0 0 0 0 0 0 0 0 0 0 0 0
0 0 0 0 0 0 0 0 0 0 0 0 0 0 0 0 0 0 0 0 0 0 0 0 0 0 0 0 0 0 0 0 0 0 0 0 0 0 0 0 0 1 2 0 19 8402 424 189 10 13 129 5 15 0 0 0 0 2 4 3 3 2 15 17 4 4 0 0 0 122 3196 1776 665 3 4 1 0 0 0 0 0 0 0 0 0 0 0 0 0 0 0 0 0 0 0 17 10 29 33 4 30 56 81 24 0 0 3 0 0 0 3 0 0 0 0 0 0 0 0 0 0 0 0 0 0 0 0 0 0 0 0 0 0 0 0 0 0 0 0 0 0 0 0 0 0 0 0 0 0 0 0 0 0 0 0 0 0
0 0 0 0 0 0 0 0 0 0 0 0 0 0 0 0 0 0 0 0 0 0 0 0 0 0 0 0 0 0 0 0 0 0 0 0 0 0 0 0 0 3 0 0 917 8242 4302 3425 3182 2715 2515 1385 737 322 190 268 152 133 80 89 264 209 16 30 0 0 0 0 2 525 3730 1157 108 6 0 0 0 0 0 0 0 0 0 0 0 0 0 0 0 0 0 0 0 0 1 20 28 15 16 46 53 70 11 0 0 3 0 0 0 0 0 0 0 0 0 0 0 0 0 0 0 0 0 0 0 0 0 0 0 0 0 0 0 0 0 0 0 0 0 0 0 0 0 0 0 0 0 0 0 0 0 0 0 0 0 0 0
0 0 0 0 0 0 0 0 0 0 0 0 0 0 0 0 0 0 0 0 0 0 0 0 0 0 0 0 0 0 0 0 0 0 0 0 0 0 0 0 3 0 0 27 1127 1270 1338 1496 1733 932 1249 1525 2351 2444 2809 2665 2633 2375 2643 2396 2206 1699 1780 1365 778 405 305 234 304 3193 1987 69 5 0 0 0 0 0 0 0 0 0 0 0 0 0 0 0 0 0 0 0 0 12 20 1 0 25 34 21 63 4 0 0 3 0 0 0 0 0 0 0 0 0 0 0 0 0 0 0 0 0 0 0 0 0 0 0 0 0 0 0 0 0 0 0 0 0 0 0 0 0 0 0 0 0 0 0 0 0 0 0 0 0 0 0 0
0 0 0 0 0 0 0 0 0 0 0 0 0 0 0 0 0 0 0 0 0 0 0 0 0 0 0 0 0 0 0 0 0 0 0 0 0 0 0 0 3 0 1 7 198 320 264 391 4 14 258 582 743 797 921 1067 1242 1191 859 967 1174 1244 1290 1228 1377 1578 1823 2696 4085 4698 1447 17 0 0 0 0 0 0 0 0 0 0 0 0 0 0 0 0 0 0 0 1 21 9 0 0 0 12 17 50 4 0 0 0 3 0 0 0 0 0 0 0 0 0 0 0 0 0 0 0 0 0 0 0 0 0 0 0 0 0 0 0 0 0 0 0 0 0 0 0 0 0 0 0 0 0 0 0 0 0 0 0 0 0 0 0 0
0 0 0 0 0 0 0 0 0 0 0 0 0 0 0 0 0 0 0 0 0 0 0 0 0 0 0 0 0 0 0 0 0 0 0 0 0 0 0 0 0 0 3 7 28 179 11 71 0 0 0 12 43 92 119 244 162 191 367 66 81 117 411 579 317 118 107 293 799 813 541 32 30 30 0 0 0 0 0 0 0 0 0 0 0 0 0 0 0 0 20 20 0 0 0 0 4 5 39 4 0 0 0 3 0 0 0 0 0 0 0 0 0 0 0 0 0 0 0 0 0 0 0 0 0 0 0 0 0 0 0 0 0 0 0 0 0 0 0 0 0 0 0 0 0 0 0 0 0 0 0 0 0 0 0 0 0
0 0 0 0 0 0 0 0 0 0 0 0 0 0 0 0 0 0 0 0 0 0 0 0 0 0 0 0 0 0 0 0 0 0 0 0 0 0 0 0 0 0 0 0 3 118 6 14 0 0 0 0 0 0 0 4 12 11 4 1 3 0 1 27 24 1 3 21 128 235 92 46 0 0 0 0 0 0 0 0 0 0 0 0 0 0 0 0 7 21 1 0 0 0 0 4 0 0 4 0 0 0 3 0 0 0 0 0 0 0 0 0 0 0 0 0 0 0 0 0 0 0 0 0 0 0 0 0 0 0 0 0 0 0 0 0 0 0 0 0 0 0 0 0 0 0 0 0 0 0 0 0 0 0 0 0 0
0 0 0 0 0 0 0 0 0 0 0 0 0 0 0 0 0 0 0 0 0 0 0 0 0 0 0 0 0 0 0 0 0 0 0 0 0 0 0 0 0 0 0 0 0 27 6 0 0 0 0 0 0 0 0 0 0 2 4 0 0 0 0 0 0 0 0 0 9 58 25 37 9 3 3 0 0 0 0 0 0 0 0 0 0 0 0 21 14 0 0 0 0 0 0 0 0 4 0 0 0 0 3 0 0 0 0 0 0 0 0 0 0 0 0 0 0 0 0 0 0 0 0 0 0 0 0 0 0 0 0 0 0 0 0 0 0 0 0 0 0 0 0 0 0 0 0 0 0 0 0 0 0 0 0 0 0
0 0 0 0 0 0 0 0 0 0 0 0 0 0 0 0 0 0 0 0 0 0 0 0 0 0 0 0 0 0 0 0 0 0 0 0 0 0 0 0 0 0 0 0 0 2 4 0 0 0 0 0 0 0 0 0 0 0 2 6 0 0 0 0 0 0 0 0 0 0 0 8 10 0 0 3 3 3 3 0 0 0 0 0 0 21 21 0 0 0 0 0 0 0 0 0 0 0 0 0 0 3 0 0 0 0 0 0 0 0 0 0 0 0 0 0 0 0 0 0 0 0 0 0 0 0 0 0 0 0 0 0 0 0 0 0 0 0 0 0 0 0 0 0 0 0 0 0 0 0 0 0 0 0 0 0 0
0 0 0 0 0 0 0 0 0 0 0 0 0 0 0 0 0 0 0 0 0 0 0 0 0 0 0 0 0 0 0 0 0 0 0 0 0 0 0 0 0 0 0 0 0 6 0 0 0 0 0 0 0 0 0 0 0 0 0 0 6 6 0 0 0 0 0 0 0 0 0 0 0 0 0 0 0 0 0 3 3 3 3 3 0 0 0 0 0 0 0 0 0 0 0 0 0 0 0 0 3 0 0 0 0 0 0 0 0 0 0 0 0 0 0 0 0 0 0 0 0 0 0 0 0 0 0 0 0 0 0 0 0 0 0 0 0 0 0 0 0 0 0 0 0 0 0 0 0 0 0 0 0 0 0 0 0
0 0 0 0 0 0 0 0 0 0 0 0 0 0 0 0 0 0 0 0 0 0 0 0 0 0 0 0 0 0 0 0 0 0 0 0 0 0 0 0 0 0 0 0 0 6 0 0 0 0 0 0 0 0 0 0 0 0 0 0 0 0 0 0 0 0 0 0 0 0 0 0 0 0 0 0 0 0 0 0 0 0 0 0 3 3 3 3 0 0 0 0 0 0 0 0 0 0 0 0 3 0 0 0 0 0 0 0 0 0 0 0 0 0 0 0 0 0 0 0 0 0 0 0 0 0 0 0 0 0 0 0 0 0 0 0 0 0 0 0 0 0 0 0 0 0 0 0 0 0 0 0 0 0 0 0 0
0 0 0 0 0 0 0 0 0 0 0 0 0 0 0 0 0 0 0 0 0 0 0 0 0 0 0 0 0 0 0 0 0 0 0 0 0 0 0 0 0 0 0 0 0 6 0 0 0 0 0 0 0 0 0 0 0 0 0 0 0 0 0 0 0 0 0 0 0 0 0 0 0 0 0 0 0 0 0 0 0 0 0 0 0 0 0 0 3 3 0 0 0 0 0 0 0 0 0 0 0 0 0 0 0 0 0 0 0 0 0 0 0 0 0 0 0 0 0 0 0 0 0 0 0 0 0 0 0 0 0 0 0 0 0 0 0 0 0 0 0 0 0 0 0 0 0 0 0 0 0 0 0 0 0 0 0
0 0 0 0 0 0 0 0 0 0 0 0 0 0 0 0 0 0 0 0 0 0 0 0 0 0 0 0 0 0 0 0 0 0 0 0 0 0 0 0 0 0 0 0 2 4 0 0 0 0 0 0 0 0 0 0 0 0 0 0 0 0 0 0 0 0 0 0 0 0 0 0 0 0 0 0 0 0 0 0 0 0 0 0 0 0 0 0 0 0 0 0 0 0 0 0 0 0 0 0 0 0 0 0 0 0 0 0 0 0 0 0 0 0 0 0 0 0 0 0 0 0 0 0 0 0 0 0 0 0 0 0 0 0 0 0 0 0 0 0 0 0 0 0 0 0 0 0 0 0 0 0 0 0 0 0 0
0 0 0 0 0 0 0 0 0 0 0 0 0 0 0 0 0 0 0 0 0 0 0 0 0 0 0 0 0 0 0 0 0 0 0 0 0 0 0 0 0 0 0 0 6 0 0 0 0 0 0 0 0 0 0 0 0 0 0 0 0 0 0 0 0 0 0 0 0 0 0 0 0 0 0 0 0 0 0 0 0 0 0 0 0 0 0 0 0 0 0 0 0 0 0 0 0 0 0 0 0 0 0 0 0 0 0 0 0 0 0 0 0 0 0 0 0 0 0 0 0 0 0 0 0 0 0 0 0 0 0 0 0 0 0 0 0 0 0 0 0 0 0 0 0 0 0 0 0 0 0 0 0 0 0 0 0
0 0 0 0 0 0 0 0 0 0 0 0 0 0 0 0 0 0 0 0 0 0 0 0 0 0 0 0 0 0 0 0 0 0 0 0 0 0 0 0 0 0 0 0 0 0 0 0 0 0 0 0 0 0 0 0 0 0 0 0 0 0 0 0 0 0 0 0 0 0 0 0 0 0 0 0 0 0 0 0 0 0 0 0 0 0 0 0 0 0 0 0 0 0 0 0 0 0 0 0 0 0 0 0 0 0 0 0 0 0 0 0 0 0 0 0 0 0 0 0 0 0 0 0 0 0 0 0 0 0 0 0 0 0 0 0 0 0 0 0 0 0 0 0 0 0 0 0 0 0 0 0 0 0 0 0 0
0 0 0 0 0 0 0 0 0 0 0 0 0 0 0 0 0 0 0 0 0 0 0 0 0 0 0 0 0 0 0 0 0 0 0 0 0 0 0 0 0 0 0 0 0 0 0 0 0 0 0 0 0 0 0 0 0 0 0 0 0 0 0 0 0 0 0 0 0 0 0 0 0 0 0 0 0 0 0 0 0 0 0 0 0 0 0 0 0 0 0 0 0 0 0 0 0 0 0 0 0 0 0 0 0 0 0 0 0 0 0 0 0 0 0 0 0 0 0 0 0 0 0 0 0 0 0 0 0 0 0 0 0 0 0 0 0 0 0 0 0 0 0 0 0 0 0 0 0 0 0 0 0 0 0 0 0
